30 100 100
27 28
2 9
26 10
29 22
20 24
16 5
19 24
11 26
23 13
8 2
28 25
9 29
0 26
25 3
19 8
22 5
6 3
13 19
8 1
27 18
14 5
25 0
18 27
26 8
20 2
20 26
5 10
11 2
29 14
3 2
10 22
0 16
25 20
7 5
28 12
11 0
27 17
29 28
20 27
21 28
14 24
9 0
27 11
13 3
7 26
29 23
3 25
28 20
7 24
14 2
17 5
2 18
4 24
8 3
21 1
28 1
15 0
15 5
11 12
27 21
29 8
16 18
9 27
3 29
10 18
12 21
7 10
23 25
15 1
18 10
6 8
11 27
29 9
13 11
8 17
5 24
13 25
0 8
0 14
15 2
14 0
11 16
23 20
18 22
1 8
19 17
21 25
13 24
27 3
2 15
20 10
26 5
24 5
3 27
7 27
0 20
17 20
19 1
12 20
26 4
1
1
1
2 25 2
4 12 21
4 22 5
1
4 14 0
2 20 18
4 15 2
3 8
3 19
3 24
1
3 10
2 23 29
2 22 19
3 29
4 28 1
1
4 25 3
4 27 3
1
2 23 7
2 12 28
1
3 27
1
2 16 37
3 27
4 16 5
1
2 26 28
3 8
3 37
3 7
3 29
3 5
3 18
4 21 25
2 21 15
2 0 23
4 13 25
3 25
4 23 13
2 27 25
4 17 20
1
1
1
1
4 11 16
2 26 14
2 27 36
1
2 33 10
1
1
1
1
3 11
4 20 26
1
1
1
3 45
3 29
3 38
3 2
4 22 19
2 45 5
2 28 7
3 5
4 21 1
1
1
1
1
1
4 27 36
2 1 42
4 15 1
2 23 3
2 19 8
1
3 7
2 44 34
3 45
2 11 38
1
2 9 36
3 49
1
2 8 42
4 19 8
3 20
1
1
2 56 54
3 0
