508
3 14313
0 0
2 1111
3 8805
2 1157
2 2370
0 0
0 0
0 0
0 0
2 2210
0 0
1 246
1 102
1 127
0 0
1 243
0 0
1 105
0 0
2 1630
5 760022
0 0
2 587
2 1497
1 11
0 0
0 0
0 0
0 0
4 88487
2 2113
1 83
2 1519
3 12389
5 695716
0 0
2 1182
0 0
0 0
0 0
3 6600
2 1124
1 114
0 0
0 0
3 14762
0 0
1 34
0 0
2 751
0 0
0 0
0 0
1 170
2 1254
0 0
1 266
2 1513
2 1316
4 61182
0 0
0 0
0 0
1 250
2 1808
1 181
0 0
0 0
2 2055
2 2071
0 0
0 0
0 0
3 11412
3 19244
2 639
0 0
3 8446
4 112571
0 0
1 55
0 0
0 0
0 0
1 89
0 0
1 273
1 92
0 0
1 154
3 13299
2 1702
0 0
0 0
1 51
0 0
1 155
0 0
0 0
1 284
0 0
0 0
1 31
0 0
2 643
3 9372
2 1682
0 0
0 0
1 69
0 0
1 167
0 0
2 288
0 0
0 0
1 49
0 0
0 0
1 65
2 1834
2 1320
1 134
0 0
1 185
1 237
3 26113
1 177
1 123
0 0
0 0
0 0
0 0
0 0
0 0
1 103
0 0
0 0
0 0
3 13011
0 0
1 122
0 0
2 1434
0 0
2 816
4 109327
0 0
0 0
2 978
0 0
1 18
0 0
0 0
1 191
0 0
0 0
1 9
0 0
1 109
0 0
2 2092
0 0
1 268
1 27
1 30
2 3447
2 70
0 0
6 5295500
0 0
0 0
2 1761
0 0
0 0
0 0
2 2010
1 4
0 0
3 15405
2 2355
2 2902
0 0
1 13
0 0
2 1365
0 0
2 476
0 0
0 0
2 2035
3 21008
0 0
7 34221356
3 15392
1 167
4 112153
3 7217
0 0
2 1586
3 13103
1 247
4 102102
0 0
1 222
0 0
2 990
1 266
1 92
2 1396
1 486
1 118
0 0
0 0
0 0
4 84623
2 2684
2 3296
0 0
1 117
1 153
1 8
0 0
0 0
1 294
0 0
1 273
2 1200
0 0
0 0
2 1295
0 0
1 49
0 0
2 1655
1 224
2 2662
0 0
0 0
1 27
1 49
0 0
1 54
0 0
1 231
1 34
3 11689
0 0
2 891
0 0
0 0
2 1833
0 0
0 0
1 268
4 98373
1 40
0 0
0 0
0 0
5 736087
2 1922
1 168
0 0
0 0
1 308
0 0
1 146
4 54322
0 0
1 253
0 0
0 0
0 0
0 0
0 0
1 311
0 0
4 105193
0 0
0 0
0 0
0 0
1 208
3 13876
0 0
0 0
0 0
1 357
1 51
0 0
1 31
0 0
0 0
2 1540
3 16266
4 58974
0 0
0 0
0 0
0 0
0 0
0 0
0 0
0 0
0 0
2 2816
0 0
0 0
0 0
0 0
0 0
0 0
0 0
0 0
0 0
0 0
1 203
0 0
0 0
0 0
0 0
0 0
0 0
0 0
0 0
0 0
0 0
0 0
0 0
0 0
0 0
0 0
0 0
0 0
0 0
0 0
2 334
0 0
0 0
0 0
0 0
1 333
1 260
0 0
0 0
0 0
0 0
0 0
1 181
1 33
0 0
0 0
0 0
0 0
0 0
1 446
1 19
0 0
0 0
1 83
0 0
1 284
1 328
1 157
0 0
0 0
0 0
0 0
0 0
0 0
0 0
0 0
0 0
0 0
0 0
0 0
0 0
0 0
0 0
0 0
0 0
0 0
0 0
0 0
0 0
0 0
1 316
0 0
0 0
0 0
0 0
0 0
0 0
0 0
0 0
0 0
0 0
0 0
0 0
1 221
0 0
1 201
0 0
1 311
0 0
0 0
0 0
0 0
0 0
0 0
1 428
0 0
0 0
0 0
0 0
0 0
0 0
0 0
0 0
0 0
0 0
0 0
0 0
1 89
0 0
0 0
0 0
0 0
0 0
0 0
0 0
0 0
1 318
0 0
0 0
1 350
0 0
0 0
0 0
0 0
0 0
0 0
1 292
0 0
0 0
0 0
0 0
0 0
0 0
0 0
0 0
0 0
0 0
0 0
0 0
0 0
0 0
0 0
0 0
0 0
0 0
1 407
0 0
0 0
0 0
0 0
0 0
0 0
0 0
0 0
0 0
0 0
1 285
0 0
1 349
0 0
1 69
0 0
1 121
0 0
0 0
0 0
0 0
0 0
0 0
0 0
0 0
0 0
0 0
0 0
0 0
0 0
0 0
0 0
0 0
0 0
0 0
0 0
0 0
0 0
0 0
0 0
0 0
0 0
0 0
0 0
