300 1000 1000
273 47
117 204
112 250
20 247
152 138
113 96
251 137
217 194
214 281
152 191
247 48
219 197
153 48
8 249
43 268
58 237
208 63
10 168
90 93
185 47
273 87
95 186
83 127
85 24
77 211
131 194
292 57
220 158
203 200
201 287
79 213
215 192
233 73
237 194
76 222
73 13
287 168
51 94
244 221
142 75
40 47
64 129
61 188
31 108
240 48
76 91
250 210
81 174
167 75
240 94
41 97
238 81
222 53
203 232
145 195
62 5
89 180
167 112
134 283
18 72
235 215
242 174
16 249
47 152
191 153
40 102
17 123
165 22
27 207
71 141
114 124
240 30
140 185
181 270
223 96
122 228
43 285
186 122
115 58
175 8
135 48
200 144
137 189
192 275
181 203
124 31
209 193
224 236
118 263
135 195
188 91
246 204
268 114
287 259
287 216
77 114
265 255
170 54
208 58
7 164
111 130
47 245
230 253
227 216
2 50
241 179
212 187
135 296
130 201
137 9
278 45
94 215
86 19
228 147
284 264
39 145
14 223
231 149
165 200
216 31
6 33
217 94
48 189
279 108
60 42
145 113
178 217
265 257
138 96
49 86
291 115
122 210
282 299
260 146
269 176
288 253
5 292
124 252
37 120
284 70
18 69
197 81
151 62
125 169
210 141
34 29
107 215
219 181
147 4
43 286
41 106
166 69
28 14
0 73
146 165
288 161
8 2
109 77
3 92
55 214
94 263
68 47
231 261
168 190
223 90
71 57
157 86
298 282
215 222
156 92
244 37
173 186
60 173
167 196
117 17
267 261
117 292
19 24
28 54
274 230
240 178
209 15
79 261
172 231
97 246
71 112
42 21
82 238
249 32
18 122
45 127
30 243
135 28
157 165
53 24
190 228
111 195
176 144
184 106
286 5
170 88
291 197
148 30
141 132
267 145
288 69
244 44
252 95
177 55
60 117
231 245
122 189
71 221
102 297
106 280
106 64
218 90
270 261
51 146
252 81
74 258
147 182
285 95
185 158
226 77
114 94
237 107
162 60
248 141
193 186
164 77
166 279
178 34
269 149
186 59
9 85
143 217
236 276
120 192
281 195
163 222
63 124
35 120
104 214
266 57
70 30
291 48
220 207
193 30
103 0
289 236
298 147
125 249
215 33
86 283
31 292
226 19
225 256
53 234
270 2
34 246
133 30
261 145
281 67
55 109
154 228
173 64
243 16
197 286
280 173
30 204
149 241
121 74
7 262
264 260
34 105
219 4
57 177
273 252
52 80
269 279
236 77
13 197
262 31
298 263
282 45
264 203
177 219
36 80
260 41
39 114
186 286
234 264
272 224
171 145
115 297
202 256
174 176
161 298
222 205
36 178
239 117
284 180
60 114
253 166
181 66
263 203
247 202
149 248
112 126
44 272
44 195
54 296
108 248
117 163
82 137
7 142
149 24
219 3
297 5
154 90
258 168
270 25
184 189
126 42
78 204
127 58
20 41
66 235
178 107
98 180
287 24
88 35
233 79
80 56
86 221
239 126
278 272
150 247
35 278
65 120
10 26
208 85
223 56
149 5
80 74
243 173
77 261
146 258
183 97
24 132
13 145
34 149
79 138
95 297
130 238
184 96
76 3
48 46
25 36
123 218
13 168
249 86
27 165
13 25
178 167
2 285
51 290
265 34
131 277
155 92
126 136
189 21
95 199
134 238
153 256
105 146
62 266
51 295
299 152
290 21
208 29
94 161
60 156
107 251
179 133
292 82
163 105
76 194
169 220
54 207
109 149
126 253
119 83
185 164
39 69
292 98
43 118
152 42
256 182
77 83
263 35
49 32
53 32
287 49
168 263
101 135
115 50
82 140
96 77
87 30
128 4
23 105
256 54
145 290
107 144
154 186
63 163
223 230
35 78
112 121
273 227
242 132
245 261
73 96
126 83
46 299
240 208
139 118
164 171
136 91
38 104
279 32
117 121
155 247
114 46
180 230
297 296
148 11
132 66
241 65
129 84
157 40
14 33
36 134
117 135
244 11
269 241
66 135
23 107
155 78
146 268
48 20
126 73
38 258
50 53
238 268
164 86
293 35
117 22
266 33
297 97
15 55
292 41
37 264
186 262
56 288
227 235
183 126
286 77
108 217
60 48
94 52
8 183
229 29
106 108
75 108
253 192
2 192
144 2
172 212
150 92
253 103
167 72
28 219
132 81
28 66
42 94
156 297
30 149
107 60
281 10
155 254
62 293
20 174
11 21
36 211
12 143
109 261
89 61
177 223
35 170
41 118
193 221
216 247
108 60
6 265
208 284
114 42
101 235
272 107
22 102
47 298
284 100
133 231
149 186
292 225
197 223
76 170
289 10
265 156
107 258
179 271
290 286
271 36
36 126
88 76
84 93
47 248
92 88
215 74
30 74
97 37
130 145
15 53
20 220
270 246
195 98
92 102
270 87
78 8
29 33
36 67
10 209
247 3
81 146
159 103
214 106
68 19
229 7
173 35
203 0
27 184
115 57
44 2
239 196
36 90
245 197
6 201
252 127
131 190
199 23
184 256
163 189
186 291
56 278
70 268
90 126
225 282
105 18
72 95
126 264
140 239
251 281
148 15
82 106
160 229
65 275
290 251
66 156
22 85
129 246
103 148
49 233
134 244
295 162
54 269
83 24
218 245
237 190
182 79
24 207
165 140
101 169
209 266
31 95
144 178
69 110
46 151
140 198
185 266
102 13
49 188
282 139
138 269
149 207
158 15
182 210
246 127
233 34
94 267
246 121
245 68
271 118
182 253
18 152
27 276
117 90
189 160
267 22
1 87
16 173
30 166
167 122
228 170
142 293
200 180
98 150
172 12
221 163
4 22
164 256
74 78
66 229
195 93
37 116
190 76
62 147
241 19
288 251
158 113
216 203
31 103
137 136
185 243
121 65
202 115
38 293
189 284
175 147
190 207
29 102
222 230
167 70
148 48
57 194
264 77
207 295
76 35
233 140
49 123
217 75
156 60
104 59
133 68
178 275
239 156
31 19
163 138
146 72
74 23
191 192
203 126
261 0
275 189
27 102
123 170
72 92
206 108
256 253
124 35
191 7
195 85
123 162
41 34
191 155
250 1
62 47
63 4
125 86
274 245
67 175
7 14
76 238
187 218
8 204
220 37
46 197
105 194
50 174
54 243
95 153
115 261
41 131
16 60
169 145
56 156
297 289
87 154
15 118
193 118
136 262
100 189
191 259
248 262
91 53
246 12
95 294
99 126
60 26
54 274
11 25
243 91
246 214
17 42
77 226
254 231
141 237
270 272
136 11
262 174
214 26
285 6
210 222
199 285
108 38
265 172
94 146
125 266
73 177
91 295
99 189
207 274
266 95
132 38
175 104
189 129
167 21
123 216
117 129
287 22
180 161
216 195
83 96
208 244
123 134
291 5
236 94
31 230
111 78
3 62
214 24
186 194
275 127
86 28
118 56
1 145
213 182
141 44
56 186
239 41
126 55
216 15
72 220
273 233
39 156
180 124
125 62
128 201
55 251
123 37
250 256
89 85
242 235
184 244
195 223
97 14
143 202
108 131
244 28
107 95
264 118
187 196
241 72
237 30
273 215
48 297
58 41
8 222
96 105
56 96
49 241
112 289
143 38
89 77
37 174
277 285
223 89
47 10
155 37
282 3
31 225
0 136
168 145
15 224
30 188
174 148
48 198
163 33
153 132
181 283
288 41
219 196
181 275
188 47
216 214
261 52
214 155
175 176
298 261
103 209
185 143
74 196
41 189
93 154
295 153
276 11
83 32
42 237
27 162
34 144
7 261
16 82
281 145
242 214
248 161
151 168
41 108
212 24
168 203
114 43
88 101
148 25
70 35
34 48
243 10
177 128
213 86
1 289
174 214
128 21
6 261
152 170
87 105
116 99
170 270
14 216
171 20
161 142
179 102
293 255
11 296
289 118
29 3
7 237
66 282
105 25
15 114
10 204
121 10
30 7
200 287
204 118
47 157
281 257
244 163
135 237
235 252
279 147
260 163
259 44
53 101
179 125
134 269
98 152
220 292
100 231
298 125
219 236
14 59
249 201
23 198
235 9
164 123
135 203
162 143
107 50
207 261
47 81
21 198
124 133
254 22
237 296
242 101
181 72
244 71
225 108
86 263
221 289
83 289
226 20
211 80
282 243
232 131
126 226
42 250
23 183
157 131
176 120
293 61
166 231
155 97
210 51
138 240
183 35
232 79
63 216
2 293
256 27
230 274
142 278
267 9
83 70
169 64
213 298
139 265
175 258
14 96
91 135
283 26
123 129
94 173
134 94
148 22
45 106
67 79
18 230
145 14
57 58
104 36
76 253
231 258
19 187
244 188
145 70
72 256
136 269
279 170
124 237
149 253
202 24
24 21
131 39
264 265
236 52
134 123
75 259
99 188
274 267
239 76
279 177
269 191
44 203
221 283
294 121
53 197
72 59
220 204
92 253
266 208
102 279
9 82
14 20
264 46
160 145
130 66
183 227
73 184
138 207
268 255
2 249 230
4 249 32
1
5
3 118
4 7 229
2 168 0
4 258 107
2 149 165
2 191 163
4 280 106
2 199 82
3 62
2 31 113
1
1
3 137
1
3 164
3 98
5
3 132
2 209 302
4 86 221
5
1
3 130
2 72 262
5
2 291 79
4 31 225
5
5
4 264 265
4 114 42
5
2 260 231
4 203 135
5
4 79 213
4 23 105
1
3 305
4 265 156
1
3 1
3 153
3 71
5
3 176
1
3 179
3 175
1
1
4 249 8
1
2 166 290
5
5
4 37 123
1
5
5
1
2 191 16
4 40 157
4 47 273
2 71 201
5
4 104 59
1
5
2 2 103
2 93 131
5
1
5
1
4 274 54
1
3 209
3 244
3 82
3 150
2 142 122
3 84
5
3 64
2 311 277
5
3 117
5
2 115 35
5
1
2 64 134
2 245 136
4 129 189
2 272 241
4 168 258
5
3 151
5
1
1
3 84
4 69 18
4 237 42
3 132
3 238
4 75 142
3 282
1
2 275 276
3 73
4 34 178
4 237 7
3 278
2 123 284
3 86
3 299
2 23 69
5
4 215 192
5
4 127 83
5
5
3 213
3 299
5
4 35 120
1
2 123 75
5
2 106 280
5
3 143
1
3 113
1
2 14 10
1
3 86
5
5
3 265
3 94
2 63 279
2 270 262
5
1
3 28
4 212 172
5
1
1
4 219 196
5
5
2 69 163
1
3 264
5
3 199
4 95 31
1
1
4 196 187
2 180 143
3 136
1
4 51 210
3 314
5
2 15 218
1
3 257
2 103 216
4 269 241
5
3 258
1
5
2 4 178
4 216 15
2 103 136
2 163 131
3 143
2 238 105
3 240
1
5
1
5
4 107 144
4 292 41
1
1
2 141 166
1
2 163 315
1
4 7 261
4 273 233
4 99 189
3 287
5
2 14 127
3 99
1
2 141 313
1
2 181 129
1
4 296 11
4 263 298
3 96
3 220
4 11 148
4 145 281
2 234 33
2 284 293
2 212 120
1
2 49 261
4 284 189
5
2 135 251
3 242
3 340
4 88 101
1
5
5
2 188 252
4 17 123
4 256 27
2 79 143
1
3 176
2 268 31
3 19
4 221 289
4 160 229
2 40 257
5
1
5
5
3 26
2 161 68
1
2 73 311
3 286
4 145 267
1
4 81 197
4 283 134
2 158 164
3 164
5
2 59 247
1
1
3 294
1
3 185
5
5
4 236 276
2 89 150
5
5
4 241 72
4 100 189
2 133 34
1
5
3 171
4 247 59
3 149
1
4 161 288
5
3 28
2 27 240
2 23 76
3 219
2 117 220
3 289
2 312 303
4 63 4
5
3 108
2 290 24
4 203 44
5
3 9
2 31 232
3 337
4 15 224
5
4 230 18
1
1
4 266 125
3 36
3 270
2 279 238
2 287 176
5
4 49 123
4 115 58
4 187 218
4 261 145
4 182 253
4 76 170
2 251 133
3 108
2 284 46
1
1
5
5
2 242 147
1
2 55 81
2 164 163
1
1
5
4 192 253
2 107 95
4 231 100
5
4 246 127
2 308 266
1
1
3 193
2 47 306
2 108 94
5
2 218 259
3 145
2 361 83
5
4 87 154
5
1
3 223
3 179
4 59 72
4 33 266
1
2 183 178
4 97 41
2 247 157
4 281 251
5
2 12 275
1
1
3 163
3 211
2 204 209
2 341 256
3 7
4 15 218
1
1
3 289
5
4 174 262
5
5
3 212
4 44 141
2 211 340
4 69 166
1
5
1
2 205 214
3 29
3 71
2 26 335
4 202 115
3 161
4 186 291
5
2 366 314
1
2 24 228
5
4 290 166
5
5
1
2 33 351
5
3 95
2 140 117
3 53
3 230
3 80
2 225 294
1
4 207 54
5
2 327 205
2 333 343
5
3 370
4 25 13
2 209 92
3 298
3 259
5
1
1
2 95 332
2 369 374
5
5
4 27 184
4 279 32
4 293 61
3 9
1
1
2 52 218
2 265 239
1
2 127 150
4 95 332
5
1
5
1
4 5 292
4 85 24
4 112 250
3 28
3 158
1
3 172
3 135
2 358 217
4 78 8
1
4 207 274
2 45 338
5
1
5
3 327
3 360
1
2 44 269
2 13 184
4 42 21
2 238 39
3 143
3 366
2 37 160
2 327 349
1
5
1
1
2 293 377
5
2 72 174
5
4 48 60
5
5
3 141
5
5
2 137 121
1
2 53 21
4 32 49
1
1
2 182 378
2 383 120
5
2 372 237
3 183
2 267 285
3 307
1
3 253
3 272
1
3 189
3 148
1
4 239 41
1
2 204 295
4 262 31
1
4 115 57
3 149
3 1
5
1
1
3 183
2 385 74
5
4 292 57
3 94
2 379 214
4 267 285
1
1
3 280
3 275
4 252 81
4 74 196
3 327
4 142 293
3 260
1
2 165 3
5
5
4 79 138
4 33 234
5
2 177 93
1
2 31 237
4 146 51
2 117 49
3 38
5
2 68 205
2 260 344
1
1
1
3 376
4 254 231
4 131 39
5
5
1
4 89 61
4 2 192
2 103 170
1
1
1
5
1
4 60 156
4 72 167
1
4 261 115
5
1
2 50 169
3 213
5
1
1
4 105 238
2 203 133
1
5
1
1
5
5
4 26 335
3 339
3 174
1
5
5
5
5
1
2 318 181
2 276 322
3 72
5
1
3 131
2 363 284
1
3 115
1
4 22 4
5
3 331
4 31 232
1
1
5
4 106 214
4 2 44
3 190
2 315 369
1
3 388
5
3 221
5
3 283
3 204
4 203 181
4 211 340
2 397 61
3 393
1
5
4 144 178
4 208 85
4 210 222
1
5
3 393
4 229 66
4 160 37
2 350 181
2 405 311
3 270
3 424
1
4 198 23
4 22 267
4 165 157
5
3 320
1
1
3 367
3 64
2 268 164
2 212 219
4 123 162
5
1
5
3 159
1
4 6 33
3 271
1
4 51 295
1
4 176 287
5
1
5
3 385
1
2 59 247
5
1
1
3 63
2 358 19
3 347
2 158 9
1
1
3 278
3 232
1
5
2 41 179
3 124
2 118 212
2 366 75
4 40 102
2 101 154
1
4 247 3
4 30 243
3 218
5
1
2 437 350
2 358 79
1
1
4 48 291
4 48 247
5
3 179
1
2 68 162
4 92 102
5
1
1
1
4 134 123
1
1
2 425 89
1
1
1
2 307 362
1
5
5
1
2 271 253
5
4 60 114
5
3 82
2 297 138
4 75 123
4 210 250
3 443
4 261 6
5
4 43 268
3 126
1
2 357 289
5
4 250 42
3 397
5
4 8 2
5
4 383 120
1
3 369
5
3 52
4 231 261
1
2 201 403
3 206
3 56
3 47
4 105 25
2 292 444
2 327 386
3 77
4 97 14
2 335 304
1
4 14 20
3 349
2 92 3
3 22
5
1
2 75 141
5
1
4 16 173
2 140 332
4 288 41
4 37 120
1
4 246 214
3 396
2 120 339
4 121 137
2 203 318
4 104 214
3 73
4 27 207
3 219
4 195 85
2 17 236
1
5
2 192 399
4 254 155
1
4 102 27
3 402
3 108
2 126 237
1
5
1
4 152 138
4 16 191
5
2 401 221
5
4 312 303
2 318 434
4 268 114
2 350 169
2 282 307
4 107 251
4 121 10
5
2 388 316
1
4 122 167
1
1
3 428
4 49 261
3 1
1
3 293
5
4 14 10
3 143
3 53
1
2 151 42
1
1
4 76 222
1
1
3 370
5
4 332 140
4 140 165
5
4 79 358
3 86
2 421 218
3 320
1
3 116
4 217 75
5
3 304
4 11 276
2 218 349
5
1
3 101
3 130
2 153 221
1
2 233 214
3 410
1
5
3 330
5
4 3 92
1
4 13 168
5
4 339 120
4 107 178
2 357 446
4 290 24
2 160 109
4 70 167
1
4 54 256
2 300 363
5
4 129 246
4 146 165
1
2 428 412
3 394
5
3 93
3 17
4 83 119
5
2 467 167
1
2 407 463
4 147 182
5
3 239
3 239
5
4 59 247
3 334
1
4 238 39
2 308 169
4 363 300
4 379 214
2 475 148
5
2 364 328
5
2 185 125
5
4 97 297
3 214
2 478 69
5
4 327 386
1
4 281 67
2 221 92
3 341
1
3 157
4 127 58
2 331 169
1
1
2 252 194
4 170 88
3 276
2 349 476
5
3 156
2 338 19
5
3 481
3 68
1
1
4 107 215
1
3 274
4 308 169
1
4 273 215
5
4 24 228
2 365 157
1
1
1
5
3 475
2 150 297
5
4 6 285
1
4 215 235
4 268 70
1
3 163
4 195 44
4 42 151
4 78 35
3 169
1
4 109 55
2 60 51
1
2 480 121
2 474 285
5
1
5
4 123 284
4 188 30
1
3 299
2 211 486
3 482
2 127 496
1
2 345 493
1
1
3 497
4 31 216
2 64 250
5
1
2 211 140
2 51 95
2 176 147
5
4 225 292
4 246 97
3 475
1
3 389
3 345
4 222 215
4 252 273
2 41 126
5
5
5
3 119
1
5
3 251
