489
340 985229411
55 65412938
449 473251351
344 516068161
320 269619462
342 885562005
320 936713057
321 797250377
29 587579767
321 77731612
84 891911935
376 110902515
320 673603491
70 273106778
322 32473147
322 680713146
44 654586381
83 555778746
323 585112546
321 315111108
322 268543653
318 509379853
471 515832970
320 573958565
449 389146765
319 90600989
459 65209220
107 985414871
370 736815555
365 777418593
321 383363702
322 733580648
321 973307756
71 468959812
319 928596628
320 849060793
26 30469528
319 691097801
44 654586381
320 833587635
83 555778746
319 482440808
25 575769605
384 209705464
319 292639321
320 402141756
354 712397152
322 576044746
319 828563743
322 136482769
164 950712598
316 336440475
318 42135128
161 759269108
321 992326968
318 682119044
321 692849282
321 368745126
322 400798657
23 664693910
469 978837397
321 659761101
319 672694774
321 468743093
85 415865731
394 377468421
319 24715416
96 114979298
5 1365291
70 598151099
319 609798828
320 533570029
104 168945425
372 935261222
320 624426392
318 48713666
390 766676047
319 858417288
5 1365291
44 654586381
395 712063976
319 244512735
79 299930795
321 96119103
320 908523521
320 115357252
322 958313017
338 752967190
321 434643262
320 293336422
383 374825028
320 843763492
472 275566496
319 789724433
385 951471900
432 917374893
70 273106778
71 232941300
321 691692935
104 168945425
319 578556501
350 672762980
370 117991330
116 561961822
321 150058276
116 561961822
320 811437436
321 69804775
318 634802223
161 725975979
322 547765673
430 593061178
79 662509337
366 547999767
321 623614714
406 731662424
163 586075722
319 947067638
24 652886295
431 898041299
320 524762020
455 199784078
319 494551643
319 274134560
320 495543922
430 577713187
85 415865731
71 232941300
81 627910149
322 2993447
365 774433985
322 637073497
338 885583240
107 709629001
45 854611862
349 586195334
317 496520725
317 440046557
321 238134566
322 161240783
136 684822231
320 562558574
322 754283305
383 474989993
321 559143006
136 997495382
318 457693230
342 23772557
322 313459504
320 631272872
367 446716425
321 247116232
322 62552536
356 686360129
355 281735543
321 299348871
322 800494500
5 1365291
339 81688250
321 953880865
366 761845614
338 577334834
323 763405402
318 785262106
23 664693910
320 678324917
318 882376309
321 714579506
148 495289286
104 168945425
322 148112467
126 425205623
315 766590501
118 440376868
2 3903
320 243151635
317 992356571
365 260199262
319 226989214
318 240635854
319 711140674
383 917913647
384 202266487
319 385346027
316 129053245
321 914975070
147 695411251
321 951374921
320 612471882
320 548193343
372 115352605
376 497701823
320 261124445
337 389687519
162 963142703
449 613881435
322 771258268
320 425198781
317 507005382
321 128767760
325 899615079
319 349294789
321 264967585
70 273106778
320 651270101
321 548688823
322 214593564
435 390233426
128 98953142
321 599515777
79 662509337
319 457957415
322 327816132
321 912361095
317 30367066
129 21912574
322 836199227
320 981417151
322 373965289
321 302603125
163 960717592
319 904083966
372 135188752
78 103058204
324 79858598
23 664693910
320 187983479
365 383339867
321 957999749
318 634692881
322 579897326
319 256668296
316 386649134
79 662509337
128 98953142
322 153378601
322 532114593
321 836574456
55 65412938
322 299393473
320 358630532
115 322557767
471 977047575
23 664693910
23 664693910
161 7926371
322 559150619
319 892618284
322 842437842
322 452572068
315 152354111
139 549396906
318 179635276
386 533773043
70 273106778
371 392851706
320 956747737
322 942216135
319 913595984
320 152545104
320 687642207
140 567635393
106 854261270
321 178951741
157 247378611
320 597898947
5 1365291
24 652857392
139 547876269
321 151608326
23 664693910
319 254282220
430 128240829
318 242009048
321 699721449
318 164313018
321 789852868
322 879667949
321 26402968
29 587579767
436 547248609
61 713394379
322 88416512
323 931968977
23 664693910
5 1365291
316 495439073
30 113224697
333 659321898
322 855481447
430 336244603
320 846883167
321 525660342
321 493900057
339 931545385
320 270237936
5 1365291
474 747395147
431 730140838
350 410735727
8 468655631
165 450015505
323 910039380
324 537960077
385 908042133
161 171978189
163 477875564
161 444337628
74 832370991
436 333327417
161 380990202
383 264693968
334 22979014
158 205686953
158 205686953
159 439958275
432 737542130
159 862864282
338 479843366
449 623517148
339 12758528
385 881923262
383 326620964
339 860929327
346 153955607
149 238140896
148 317826238
343 963330849
143 850731182
343 377644127
343 327740614
343 978416030
130 732090217
345 742163296
405 991478351
457 162153800
141 813718763
141 813718763
449 507511733
138 501251516
484 598218586
469 867808177
351 964102403
406 321555660
134 233820476
136 63155986
138 116764682
55 65412938
133 959746732
356 209871771
449 940988805
356 416220238
130 976727671
357 315599944
131 966711617
132 822455315
129 654345630
361 37638389
484 688481317
449 54475539
363 114069078
364 414072474
364 745766102
365 557430625
365 328344231
118 440376868
116 561961822
45 461484275
410 779729248
369 323670390
371 565265187
111 69049459
24 652857392
373 654351021
372 132355584
108 173500885
471 106502535
104 168945425
104 168945425
104 168945425
104 168945425
383 322991804
383 948876709
382 314026118
384 373950126
384 123596510
92 541622025
385 987967656
385 116677963
385 17650154
85 415865731
85 415865731
435 927744827
389 807491403
71 232941300
84 890853094
83 555778746
432 25199033
83 555778746
79 662509337
394 983148636
395 504512433
435 496230800
79 662509337
80 641009291
79 662509337
403 520643323
78 103058204
71 232941300
406 575930834
406 404006952
2 3903
73 404543006
73 404543006
73 404543006
409 884369354
44 654586381
71 232941300
72 532735431
70 383756620
71 232941300
417 481168622
70 273106778
70 273106778
70 273106778
70 273106778
70 273106778
70 273106778
430 914542864
430 846713537
430 371908248
430 48271246
430 782812253
61 713394379
432 45097048
435 86551316
435 788604549
435 702977145
49 276540050
436 644027666
436 273828297
45 461484275
438 520884177
449 615626850
44 654586381
45 144741641
44 654586381
44 654586381
44 654586381
44 654586381
449 646066516
449 622791737
449 459868284
449 319404120
449 336154979
449 453410992
448 731467146
5 1365291
29 587579767
453 482621904
453 850660008
453 426926715
27 215083331
471 398884681
27 718457134
23 664693910
23 664693910
469 131727881
469 332123558
19 105190068
19 105190068
471 307324961
471 457342071
471 507461834
470 897415082
471 314168541
11 750953532
472 48320653
8 468655631
473 848807119
474 895747211
5 1365291
5 1365291
5 1365291
484 359034036
2 3903
2 3903
488 628471740
488 816401977
