300 1000 1000
186 191
191 237
28 255
273 51
143 19
117 169
31 153
55 74
25 164
34 6
211 194
35 130
53 274
197 228
204 147
89 218
112 121
214 70
2 172
188 54
66 118
13 288
178 209
108 79
84 141
297 47
201 254
36 246
110 257
154 32
191 80
120 101
122 136
146 269
218 210
200 32
231 296
176 47
172 289
236 126
247 58
180 114
45 100
34 197
198 19
1 252
226 184
244 222
260 226
35 27
111 125
107 62
39 36
273 138
210 87
24 102
247 12
292 96
269 38
63 36
32 71
7 217
8 127
103 20
111 101
25 19
125 53
207 136
177 30
197 114
206 97
60 228
51 178
238 204
163 58
201 2
16 289
231 34
85 174
193 59
82 7
280 294
232 226
93 149
62 18
157 107
234 18
4 27
171 3
108 263
182 275
169 132
143 89
211 100
238 3
52 16
190 138
55 255
145 264
101 262
137 55
22 288
38 230
115 52
144 261
239 153
59 0
71 146
268 183
281 211
94 163
46 15
106 209
295 55
223 136
143 102
222 192
115 226
172 232
171 170
97 175
242 105
192 55
242 111
42 38
137 254
1 295
94 60
164 89
187 168
234 62
201 74
247 36
90 86
106 138
258 297
215 136
91 147
235 20
189 281
266 102
276 245
171 121
10 35
118 170
95 174
123 49
19 206
73 151
120 87
281 168
35 39
164 281
236 16
63 276
172 185
137 294
258 214
77 108
171 110
229 58
85 132
198 140
15 244
110 111
120 135
88 63
237 109
270 105
173 126
264 100
271 155
14 67
255 39
182 1
132 197
36 12
225 180
75 23
229 16
274 267
228 262
102 252
7 195
17 288
244 229
290 131
191 88
22 284
292 127
204 84
153 204
157 169
105 156
38 73
2 275
237 299
156 69
93 94
122 49
29 185
45 90
223 242
282 170
6 250
284 53
85 36
147 43
2 128
271 254
155 135
189 147
126 180
70 66
39 102
145 211
129 260
270 195
21 236
207 10
32 8
35 111
182 181
245 66
36 294
227 273
117 116
170 169
207 90
8 126
273 243
4 41
86 158
261 245
130 138
270 153
116 67
274 152
83 104
215 197
166 62
39 289
109 101
282 74
210 169
197 13
55 118
67 187
117 99
134 8
124 216
136 169
144 231
176 12
108 21
41 205
110 225
149 189
291 65
31 245
236 67
70 264
260 198
167 18
203 14
255 41
288 189
208 224
94 259
285 235
137 239
148 96
90 59
205 171
163 221
40 49
133 75
65 37
110 181
11 136
135 8
134 26
269 286
103 289
100 276
233 205
253 227
196 59
75 3
81 98
292 12
146 44
184 167
153 6
203 256
187 151
124 208
250 93
81 62
135 28
12 169
273 194
233 153
155 99
201 170
103 127
240 123
203 285
75 295
243 121
4 169
8 297
173 7
128 84
22 278
98 232
66 187
256 230
137 283
35 178
176 175
30 284
173 198
234 264
132 120
193 124
265 84
217 228
147 173
175 257
241 13
264 7
52 129
58 29
245 112
175 258
200 63
271 102
252 152
232 228
8 226
122 182
250 36
226 202
238 141
103 43
30 60
135 248
45 164
252 271
157 2
71 182
124 1
184 273
297 198
211 7
11 88
250 179
22 30
296 297
22 276
112 286
93 154
61 115
36 112
293 185
92 150
292 190
281 66
268 245
11 155
70 192
189 183
146 234
243 146
98 280
267 193
47 222
261 257
105 84
246 28
222 89
283 203
241 269
52 57
276 35
208 112
150 139
9 66
117 217
175 191
140 295
84 204
3 262
44 222
180 87
247 0
189 84
262 86
171 129
286 279
10 1
122 112
161 169
184 98
155 159
59 269
210 62
63 7
69 236
172 227
85 228
283 38
256 119
261 298
188 217
174 224
189 173
2 292
174 52
51 227
53 180
231 101
113 273
30 92
203 207
2 216
284 16
61 99
286 252
94 77
247 179
41 181
24 280
121 9
55 60
286 184
150 235
233 40
178 39
15 280
198 172
10 233
166 34
268 41
194 35
12 229
107 299
48 55
147 276
55 294
282 68
58 190
274 121
217 1
259 184
165 200
203 125
53 280
19 121
110 281
62 206
1 22
99 274
34 244
14 190
121 7
108 282
92 258
43 279
279 44
199 242
166 96
237 200
127 51
162 202
277 208
42 62
221 224
229 113
67 166
225 59
56 113
176 205
215 26
100 23
172 137
119 208
117 201
289 223
258 234
89 153
208 214
246 158
165 115
195 66
191 19
267 93
244 260
237 178
272 139
7 105
135 115
192 37
44 54
179 69
161 154
149 21
51 4
93 159
276 114
122 222
128 259
13 247
197 176
69 7
171 32
256 7
128 194
35 166
2 130
4 160
133 71
214 96
211 23
250 184
166 196
168 90
5 261
292 242
74 107
90 5
119 147
15 125
183 236
154 27
251 165
250 237
25 287
261 37
68 51
120 68
177 76
281 151
97 143
154 122
235 19
48 23
112 110
227 222
249 220
31 238
272 111
131 67
98 147
132 277
131 104
153 288
227 58
68 237
273 167
200 201
233 246
126 251
179 155
253 147
81 186
230 132
16 76
232 239
207 92
199 131
87 194
203 220
119 101
118 79
271 227
254 168
167 254
229 141
198 184
70 56
223 186
157 212
187 269
173 25
36 133
292 252
229 234
275 219
294 259
67 41
69 182
288 186
233 298
197 86
128 267
228 40
204 220
263 20
242 84
145 284
113 285
41 291
232 218
221 130
86 215
287 181
271 260
5 185
292 297
194 254
130 191
299 167
171 208
27 4
4 154
154 213
275 250
8 49
180 271
20 108
113 105
110 128
271 136
283 161
107 1
76 264
186 240
209 270
236 46
138 53
34 23
250 215
105 99
203 249
165 62
214 142
163 137
96 177
179 100
188 255
6 253
38 113
23 38
208 245
235 14
272 187
234 92
66 87
271 240
67 284
184 229
137 75
283 52
176 170
75 167
101 63
194 229
217 268
5 65
85 55
265 104
209 273
154 159
2 68
74 129
207 102
252 278
66 200
105 232
211 111
201 5
46 208
66 153
225 66
165 17
64 37
129 0
20 284
81 30
138 227
157 190
41 202
133 143
161 97
109 66
113 165
191 210
190 186
114 101
226 143
138 18
165 110
164 258
118 247
128 180
193 247
232 71
119 257
100 226
182 21
32 62
21 23
259 27
182 209
124 98
284 36
252 83
229 95
116 31
70 228
272 261
204 72
278 122
172 62
192 133
137 213
117 139
17 42
111 160
163 217
211 147
60 43
136 107
220 105
148 124
147 48
228 213
264 189
250 38
281 54
13 64
176 177
100 247
221 56
35 152
132 129
62 191
57 220
14 27
121 210
214 81
180 259
198 250
128 70
287 168
160 16
147 175
5 284
57 179
52 213
211 13
213 134
51 149
126 167
269 244
232 266
72 233
265 149
77 140
104 19
55 37
69 220
249 288
247 2
51 107
219 282
271 255
259 91
96 118
187 53
220 268
95 238
204 293
290 1
219 53
205 47
216 99
288 23
296 209
65 229
218 11
21 54
77 63
288 155
136 273
135 152
272 95
181 242
186 167
235 207
146 271
32 208
52 88
8 164
105 255
250 276
221 13
24 15
35 233
198 83
198 79
298 152
102 78
111 97
68 6
140 8
214 71
0 182
229 233
171 202
22 154
262 221
172 52
274 11
123 14
121 273
53 169
215 63
194 106
60 59
162 91
190 234
151 295
225 285
193 102
24 171
177 181
26 262
107 153
21 12
215 70
178 240
126 250
6 144
290 155
1 116
60 130
144 255
60 104
251 261
62 278
267 14
91 152
197 186
114 95
229 257
284 216
120 123
229 199
276 103
261 136
132 212
38 270
299 209
147 225
155 279
220 242
177 47
184 21
207 233
37 91
292 225
250 48
212 272
286 56
284 64
10 249
231 272
127 243
122 19
262 144
248 181
105 157
173 222
136 118
193 194
195 156
168 34
8 108
17 186
0 200
14 199
106 259
218 130
45 271
153 141
10 85
179 212
88 56
20 79
242 263
54 187
105 3
268 251
232 137
207 209
53 179
15 60
257 54
127 15
42 255
136 114
195 237
198 53
248 242
128 294
171 169
166 279
23 0
213 120
212 126
122 165
75 7
286 47
283 153
252 168
146 110
136 276
56 24
171 10
62 280
39 84
75 135
50 70
297 34
266 53
273 121
147 170
51 21
43 28
15 65
173 40
291 198
4 10
211 201
66 129
286 274
221 291
174 30
189 288
278 206
175 126
7 82
37 216
20 164
262 228
66 117
184 94
280 183
4 261
158 109
25 265
188 291
68 76
280 6
215 6
16 243
116 227
58 22
168 127
68 269
240 61
153 222
119 156
224 130
1 199
138 27
170 141
239 116
214 56
93 294
33 50
97 86
170 116
45 285
145 240
94 83
200 77
102 215
1 81
120 55
242 65
147 28
97 51
275 257
44 39
46 105
242 126
44 205
142 22
171 93
101 260
159 74
253 213
291 152
256 145
167 279
221 263
1
3 22
3 27
3 162
4 63 7
3 235
6
4 83 115
3 220
4 123 68
1
3 299
2 301 8
2 67 301
3 253
4 273 297
2 159 74
6
2 240 11
1
1
1
3 164
6
3 50
2 299 261
1
4 245 180
6
3 200
6
3 109
6
2 258 51
6
3 125
3 33
3 194
2 245 305
3 116
2 278 301
1
1
3 29
2 33 191
3 53
1
4 182 115
6
6
4 303 103
6
2 179 289
6
6
6
6
2 51 204
4 89 153
4 73 307
1
2 302 142
3 288
2 40 83
6
2 271 254
3 245
6
6
4 16 54
1
4 176 169
1
2 167 307
6
2 95 226
1
4 50 194
6
1
1
1
2 311 37
2 188 109
4 121 102
2 39 102
2 311 259
1
2 301 212
2 138 33
4 56 184
1
4 8 250
6
3 267
2 71 56
4 129 301
4 297 33
1
1
1
6
6
4 271 136
2 217 100
2 265 93
4 299 221
6
3 264
2 306 167
6
3 0
1
3 161
2 222 225
3 132
2 302 140
3 158
3 87
3 294
2 25 153
3 193
1
4 194 179
2 195 249
1
3 190
1
2 201 51
4 311 277
2 115 252
2 12 248
6
4 63 27
1
3 79
3 227
4 71 215
1
6
3 290
6
2 68 125
2 109 179
3 168
6
2 200 56
3 5
3 147
6
3 244
3 186
3 101
2 173 316
4 193 142
2 119 208
3 26
3 164
2 221 50
6
1
1
1
2 275 165
4 137 315
1
1
6
3 67
4 229 206
1
3 328
4 130 262
3 242
6
2 121 2
1
1
2 303 38
4 125 139
1
4 35 264
4 211 116
6
2 99 253
3 223
2 88 56
6
6
3 16
1
3 10
2 131 194
3 332
3 60
3 94
1
6
3 3
3 324
6
2 311 228
3 268
3 261
3 134
3 251
4 87 149
1
1
1
6
1
1
4 283 227
3 299
3 101
4 171 339
4 317 175
2 175 99
3 135
3 90
4 310 302
6
4 229 210
3 181
3 140
1
3 103
1
4 152 89
2 194 237
3 145
4 137 161
4 128 188
6
4 290 344
6
4 132 247
2 306 298
1
1
4 87 241
6
4 315 19
2 262 320
3 46
2 273 257
2 271 113
4 53 296
4 36 227
4 319 134
3 154
6
1
4 258 222
1
6
1
3 309
3 153
2 85 182
4 58 326
1
1
2 23 185
4 337 285
6
1
6
1
6
1
3 322
1
1
6
6
2 162 140
3 332
2 281 345
4 27 225
3 215
6
4 24 306
1
6
1
4 76 20
2 223 126
3 208
6
1
6
3 234
6
4 326 175
2 93 169
3 233
1
3 340
1
4 1 317
4 195 261
2 167 286
1
2 190 324
6
3 171
2 116 248
6
3 121
4 338 172
2 162 22
6
6
3 130
6
2 251 293
6
2 206 173
3 177
2 184 177
2 361 222
1
2 266 135
3 2
6
3 59
6
4 311 204
4 215 313
3 227
4 225 348
3 126
3 29
4 331 343
2 24 267
2 40 342
1
1
2 304 178
3 113
4 231 253
6
3 173
3 365
6
6
6
2 126 298
3 347
1
4 27 311
6
6
4 326 338
2 78 61
3 150
4 26 279
4 67 64
6
2 297 336
6
3 160
3 40
1
2 126 27
2 3 70
4 306 30
6
3 105
3 366
2 32 50
1
3 103
2 198 125
6
3 17
2 338 177
2 96 42
1
4 159 308
6
3 241
2 125 4
6
4 43 313
1
6
2 346 237
2 186 218
4 91 100
2 258 125
3 298
4 99 217
6
3 255
2 319 172
3 102
4 164 231
3 28
3 359
2 277 127
4 50 238
6
1
6
2 360 218
2 347 135
6
6
6
3 371
4 37 294
6
4 157 26
3 73
4 245 229
3 59
1
2 243 248
3 222
3 367
1
3 190
6
6
2 359 269
3 92
1
6
4 215 363
3 262
3 133
4 183 330
3 27
1
1
6
3 11
6
6
2 77 113
4 242 165
3 191
6
2 345 251
1
1
4 120 40
3 254
1
4 89 188
3 72
2 140 250
2 148 366
2 326 265
3 169
3 99
1
2 116 96
2 376 197
6
2 71 76
1
1
3 143
1
3 181
2 36 19
3 90
2 108 185
3 311
2 102 48
4 346 202
2 17 89
6
2 316 301
4 127 87
3 67
2 229 268
6
2 136 205
1
3 43
3 322
6
6
1
3 285
3 182
2 183 160
2 286 283
6
2 342 355
2 116 108
1
6
1
3 82
2 229 128
2 93 74
6
6
3 304
2 251 222
4 375 176
4 292 67
3 372
2 64 320
6
6
4 306 119
4 337 290
2 172 278
3 321
6
6
3 94
1
4 355 278
1
3 253
4 171 155
2 238 231
6
2 83 134
6
4 288 365
4 332 277
3 334
6
3 64
3 376
2 282 328
3 69
1
4 374 134
3 126
2 346 100
1
1
2 265 140
6
4 307 57
4 267 79
1
6
3 10
2 355 141
2 283 356
6
3 210
2 101 372
3 76
6
3 17
1
2 306 123
1
4 357 314
3 40
2 373 64
1
1
1
4 23 142
4 370 243
6
6
6
2 30 162
2 159 383
3 80
4 18 194
1
1
1
3 65
6
3 210
2 254 134
4 90 16
1
3 399
2 308 50
2 53 74
2 133 122
3 233
1
1
2 125 149
4 55 333
6
6
2 113 365
4 149 147
3 112
1
3 128
6
4 283 116
3 284
3 26
1
6
2 354 196
4 290 178
3 82
2 368 319
1
2 357 358
6
1
2 1 349
2 349 97
4 187 173
2 369 142
6
3 223
6
6
6
3 343
1
1
6
1
6
3 115
3 334
4 110 336
6
2 328 137
3 308
2 395 67
1
1
1
4 7 188
2 207 407
2 224 126
6
1
4 302 344
4 308 89
1
4 358 72
3 368
6
4 309 346
4 141 321
4 161 310
1
4 160 346
2 205 316
1
2 253 308
1
3 394
1
3 270
4 120 8
2 412 358
3 127
4 67 387
2 50 37
3 408
2 204 298
2 50 265
4 25 181
6
6
3 97
6
1
6
3 33
3 254
4 4 162
2 33 209
3 96
2 393 402
4 214 287
1
4 193 35
2 320 348
1
2 264 31
2 418 251
3 203
3 13
1
3 69
1
1
1
6
4 261 319
1
3 272
1
3 125
2 339 400
4 257 268
1
1
4 120 402
3 290
2 39 174
4 24 422
3 111
1
4 122 325
6
4 114 237
1
3 281
4 48 216
6
3 316
4 265 339
2 222 119
3 397
2 28 322
3 298
3 119
2 48 225
4 276 377
3 95
1
2 322 185
3 8
6
3 347
2 355 261
2 404 98
3 1
3 238
6
1
3 402
3 267
2 202 24
3 392
2 135 80
1
2 46 30
6
2 128 297
6
2 334 411
3 207
6
4 421 159
2 83 338
4 279 137
6
1
6
1
6
1
4 375 138
6
6
6
4 415 4
6
4 152 64
3 280
6
6
1
4 118 378
3 309
6
3 367
6
6
6
4 164 40
6
2 261 407
1
6
4 14 348
1
6
3 416
3 16
6
2 69 431
1
4 36 33
4 106 414
4 145 173
2 148 26
6
1
4 119 34
2 82 176
3 134
1
3 79
3 38
1
2 69 175
1
1
4 195 89
4 3 283
1
4 334 362
3 195
6
2 8 234
6
2 130 376
2 267 367
6
3 2
1
2 61 80
1
4 270 205
1
3 443
3 319
3 266
3 195
3 350
4 197 310
1
3 24
6
6
2 295 235
2 364 118
1
1
1
4 282 220
3 338
2 123 165
4 445 439
3 359
6
4 258 95
3 287
4 383 199
1
2 325 185
2 128 103
2 287 126
2 35 413
4 326 299
3 279
2 134 231
3 8
1
6
2 302 329
1
1
1
4 354 145
6
3 36
1
6
3 121
1
6
2 174 317
3 42
4 419 442
2 20 305
1
4 141 179
6
3 335
3 285
6
3 372
3 267
6
6
6
3 26
4 149 147
6
2 144 358
2 128 148
3 118
3 164
3 59
2 245 447
3 244
3 225
2 464 288
3 270
2 333 210
4 298 129
3 284
1
2 464 439
1
3 243
6
3 341
2 344 222
2 185 436
4 310 33
1
1
3 60
6
6
6
1
1
6
6
2 197 251
4 297 29
6
1
1
1
3 242
3 463
1
4 116 238
4 170 308
2 65 463
2 326 94
1
4 301 93
3 376
4 27 64
6
4 231 11
1
6
1
3 92
3 22
6
4 166 333
1
3 300
6
1
3 297
2 58 312
4 7 287
2 479 298
4 462 223
6
6
1
6
1
4 22 80
2 118 171
3 285
4 474 74
1
3 78
1
2 224 386
3 296
4 55 15
2 0 416
2 105 457
4 456 13
4 202 159
4 400 374
3 157
2 100 305
3 457
3 68
3 266
6
1
3 358
3 340
6
3 411
1
2 70 314
1
4 250 349
3 174
6
2 231 302
1
1
6
