489
316 283517088
314 971273549
128 501988890
83 271709481
315 502285130
339 268268181
316 647312897
316 766338323
318 378759064
328 210703657
128 600981456
319 140554377
315 22726608
315 6662409
315 267467662
316 906782045
314 356416323
314 690451828
312 330691550
317 903439721
87 71603513
311 768293521
317 372364559
315 575669179
318 491107136
314 436472058
457 60517463
459 359680336
316 629427096
354 469815147
316 8446536
316 259833738
336 398362636
386 613367771
84 953931079
312 667366489
341 283600697
313 516308183
317 542809739
317 747603512
465 190217417
317 682837574
351 523035171
5 1366318
121 304638294
313 330565954
316 956540439
317 294588974
316 315241223
316 694973299
318 406536566
115 254241401
317 911037792
312 863317297
94 12629710
317 297023545
318 75761134
317 80309264
312 476071928
316 924977020
7 66957378
57 274429012
314 741524059
97 152646188
316 818434515
314 348591800
318 970111599
435 303593906
356 629817873
317 836182111
317 140760325
316 543037660
112 797961301
85 720179712
314 958973498
465 536939750
447 986919805
317 145209848
316 907718676
316 430992235
315 613732391
314 413624266
96 153466012
317 325288897
314 474110363
94 12629710
313 780767460
317 337264468
23 546686326
486 52170714
317 342690719
315 184746749
318 884862461
318 720104254
317 771530555
317 778485071
23 546670205
455 699121782
457 635015005
84 953931079
312 687084080
319 23482396
316 400057401
100 830096723
318 384567816
449 611710669
317 179398568
101 340217025
434 752936624
316 606123626
311 548235997
313 90511983
317 915427497
100 830096723
318 302633871
121 304638294
312 68917681
7 66957378
87 71603513
101 410178398
448 318972701
315 261292484
314 99205105
394 832157818
100 613198575
313 74029845
315 105868019
336 527008719
127 147362106
449 110955431
314 495581538
316 139364085
316 479643605
315 90544158
109 523352292
315 262055796
315 211212228
331 564111864
316 928355144
318 545987680
84 672787214
317 750553308
94 12629710
318 858859585
313 77672675
318 552191672
315 162069945
315 419272434
318 542493941
121 304638294
457 543150482
360 620083464
315 221862070
318 143152445
312 795435970
315 721103479
63 509120896
316 272904888
317 782950301
312 572582450
317 536190579
316 849657385
315 924779308
316 82837971
85 914416195
316 892327211
315 962497806
316 960312938
449 125749577
115 254241401
316 913140116
42 593428636
457 367345783
318 524752991
448 565590168
317 798251882
313 644290724
316 575989161
328 482412526
315 15441969
315 704240421
97 807739761
314 99195842
316 237940275
316 47371365
315 475718176
316 516524472
317 580810030
318 264117523
316 893630291
95 405949311
85 231159086
315 552803978
42 593428636
314 491399147
433 187655801
316 911281462
371 647459177
316 762635299
83 915267426
447 359758001
315 561268756
384 59102299
317 851792670
316 241253615
7 66957378
315 102408478
316 967962993
315 595606673
318 76074256
317 540263489
100 830096723
361 716898512
124 298585790
114 983228353
130 497824150
351 602039123
316 45320389
317 93692570
434 266560082
317 857112665
449 34153093
7 66957378
63 509120896
82 466926719
84 953931079
127 147362106
315 556488797
113 494983278
317 951851287
319 450592827
465 758935034
316 1745241
455 545679515
385 148907811
313 337906790
360 549812606
83 848571798
318 858735156
318 298868792
315 379488766
465 130188697
316 521986231
317 220833860
63 509120896
316 600119076
316 848107591
316 115355470
317 520216550
68 68015934
31 303316268
315 904391669
311 460268691
316 739058227
316 808842010
315 354300520
312 927205645
371 103705079
314 613225380
317 248778900
316 904577294
387 791194484
457 410310848
316 837220978
317 269590144
313 227842181
434 64843352
316 722728301
371 945162580
315 119442750
314 331799545
7 66957378
315 172038521
317 328419871
316 701874784
433 908263620
328 93892595
112 213569022
317 184131606
442 257004001
316 18636990
465 594198807
104 810891188
316 715540102
449 208371339
317 485345253
316 410854129
319 865072778
316 657526667
449 244884714
317 979729621
314 792815900
316 364980327
315 768122380
375 922831987
312 481631185
7 66957378
85 490746883
314 273601326
316 892742016
318 855747290
319 273434547
42 593428636
318 863621234
320 202379931
387 919881897
318 333451911
317 450329948
448 249143029
101 444381394
316 157313546
316 916195049
87 71603513
130 976663938
129 32258764
105 473834583
127 147362106
128 31534739
456 236948145
128 30281625
114 667759778
355 10187310
350 987093356
7 66957378
359 341418825
465 105146134
331 663535864
127 272682887
125 188169598
329 58543045
123 96189110
104 810891188
121 304638294
95 916528126
448 54615635
336 719416066
336 618305446
335 197904812
335 608917519
116 392321712
433 489128306
115 254241401
115 878215384
113 494983278
113 494983278
87 71603513
7 66957378
113 494983278
113 494983278
113 494983278
104 810891188
351 815779488
109 523352292
110 134347081
109 523352292
67 136471294
353 640780278
354 560605012
85 737746716
448 682800871
371 518597772
105 42350233
100 830096723
84 953931079
100 830096723
100 830096723
101 314572125
371 556700293
96 153466012
72 37967939
94 12629710
94 12629710
387 21410083
94 12629710
94 12629710
94 12629710
94 12629710
92 143225014
90 376081471
389 559094787
488 105536579
84 953931079
87 71603513
89 290668727
394 653063198
391 85613833
85 677517511
84 953931079
84 953931079
86 246604288
84 953931079
84 953931079
433 28828441
84 953931079
84 953931079
84 953931079
84 953931079
84 953931079
84 953931079
84 953931079
85 22483314
22 935237782
85 678739947
422 359146720
421 461640207
449 845205760
83 796575336
82 466926719
82 466926719
83 747468827
83 261833965
83 922168834
82 466926719
84 452382647
83 561153532
432 860807712
7 66957378
433 814858332
433 948025572
75 339750487
434 176356321
435 607631383
434 137506923
435 741927488
67 136471294
465 32921403
67 136471294
67 136471294
67 136471294
66 942304483
442 265323112
442 895123750
441 652698134
63 509120896
22 935237782
63 509120896
465 959918714
63 509120896
446 212184045
31 303316268
459 410753060
449 541556256
448 36924369
449 516905611
449 740920413
448 107813715
449 285749234
42 593428636
42 593428636
42 593428636
43 645502276
456 683680021
456 405476715
456 458053587
37 594190448
458 366833315
458 551291543
459 800397926
459 114992322
459 317153129
459 732278771
459 638158244
22 935237782
22 935237782
465 279735835
465 175363810
465 444759642
465 330530452
465 530926129
465 933695861
465 753083964
7 66957378
7 66957378
7 66957378
7 66957378
7 66957378
7 66957378
7 66957378
7 66957378
7 66957378
7 66957378
7 66957378
7 66957378
485 434200454
5 1366318
488 781462723
488 887338851
488 628471740
488 816401977
