300 1000 1000
45 2
117 89
260 140
150 71
95 91
154 25
104 256
25 199
257 289
0 64
110 294
200 46
229 38
212 159
252 177
34 149
191 208
153 168
114 74
276 150
12 73
206 126
173 165
0 124
68 180
199 129
4 34
276 163
280 282
276 195
249 41
140 110
237 285
72 260
173 133
235 178
119 64
268 111
296 164
71 78
202 241
114 95
278 158
65 246
182 283
277 46
117 15
94 65
152 162
88 292
135 62
143 112
220 107
129 126
128 260
44 290
24 18
256 110
122 140
139 244
110 182
186 229
85 108
250 256
283 293
64 252
292 256
236 74
53 71
297 273
100 231
277 274
215 259
127 286
6 167
231 252
174 259
72 102
153 103
183 46
40 235
294 20
83 104
229 67
7 31
155 251
297 248
165 86
86 294
258 198
102 187
9 26
153 277
20 128
86 132
264 242
212 223
55 243
58 282
168 222
237 183
12 170
127 214
77 231
226 36
211 47
276 244
265 252
61 84
254 88
36 205
59 297
224 67
101 236
130 232
266 83
175 227
40 192
21 131
31 236
250 125
131 154
224 7
280 108
8 208
143 174
53 37
183 177
147 269
42 90
11 283
85 136
109 27
158 19
141 111
196 291
19 136
91 43
285 49
282 161
257 234
294 281
246 152
28 260
139 151
104 80
123 177
131 2
151 126
23 284
101 116
162 16
96 68
242 47
157 249
18 138
41 116
84 77
299 247
181 142
176 99
233 21
245 121
212 200
140 280
176 66
197 252
69 219
75 1
94 111
295 138
6 247
108 188
2 99
141 259
252 254
18 227
231 186
177 186
140 263
96 85
70 258
194 297
109 89
159 147
37 235
203 130
96 33
99 172
108 243
291 207
179 108
230 85
99 46
103 122
195 143
3 57
14 28
147 37
282 66
141 166
237 270
289 92
141 116
45 211
290 48
153 42
83 45
95 52
285 130
139 32
276 287
278 65
159 235
237 146
171 14
167 299
10 221
150 280
293 155
239 20
119 163
56 110
112 125
198 252
237 182
26 184
37 111
296 15
215 27
171 39
93 127
128 180
50 143
253 258
152 295
163 205
185 192
267 146
113 3
14 1
11 21
92 122
60 212
185 288
68 282
241 236
160 184
161 194
164 273
235 14
185 99
43 109
170 110
62 22
24 164
203 278
98 92
255 18
138 18
290 25
192 229
267 37
232 67
176 2
207 14
262 136
166 268
107 52
3 245
37 214
279 147
109 193
47 146
173 109
266 0
230 172
152 103
26 90
265 241
200 202
96 287
252 96
129 278
157 170
143 86
29 282
55 21
213 258
54 59
217 29
294 227
141 95
155 258
209 107
286 257
29 292
199 260
189 287
139 116
87 215
192 17
177 38
48 117
222 19
11 101
172 35
276 134
144 220
131 122
196 256
53 267
284 203
207 216
171 263
11 226
208 55
132 149
22 162
122 176
120 21
209 30
25 268
29 46
242 57
6 16
168 213
56 241
180 54
210 35
188 257
43 294
153 207
177 75
0 46
288 272
58 234
248 62
93 270
79 13
177 0
120 34
28 125
277 231
290 235
80 26
297 257
293 145
189 118
24 34
120 282
153 264
92 298
105 134
296 155
155 160
16 185
108 51
245 135
212 17
84 221
169 120
287 58
128 122
229 207
101 270
68 297
199 62
60 242
53 189
50 205
67 5
91 279
97 245
22 144
84 12
296 148
101 209
251 67
191 295
212 210
139 119
149 286
127 196
86 269
183 58
250 271
135 122
22 164
137 34
20 291
225 168
50 274
295 116
249 272
40 246
76 14
133 67
22 282
263 252
258 35
151 200
245 154
25 154
44 86
15 151
16 250
247 217
78 291
76 164
247 58
65 209
91 112
59 44
153 136
142 208
207 262
26 253
299 233
67 137
202 5
240 193
124 198
211 247
67 176
219 299
11 124
94 86
162 103
14 164
68 93
217 266
183 148
7 48
284 89
168 0
112 46
298 186
0 253
176 154
98 153
224 292
183 272
42 151
249 95
49 201
245 32
6 140
116 233
30 61
108 225
284 137
54 180
52 252
182 111
43 102
203 121
203 151
73 167
261 135
12 222
104 45
82 243
128 76
163 286
188 244
30 206
72 177
20 112
83 230
72 104
279 211
238 29
121 144
74 111
95 161
62 282
104 246
263 211
244 25
55 62
164 117
260 116
99 4
245 282
185 252
136 66
8 2
227 116
153 35
189 176
197 103
117 271
268 23
190 38
52 99
142 78
226 28
32 138
85 143
174 221
32 45
36 104
270 137
157 147
156 252
260 98
182 100
267 118
148 156
66 280
282 138
158 58
271 49
111 252
119 132
223 122
12 115
209 36
254 190
90 81
208 63
173 192
266 180
193 135
37 53
282 28
34 86
244 165
161 180
256 168
116 29
52 64
195 137
2 259
83 295
148 131
255 268
41 78
202 63
183 197
53 174
127 203
35 103
208 260
75 97
25 107
112 28
97 8
95 287
189 236
181 94
180 113
185 204
132 273
169 161
68 0
67 131
185 237
185 9
254 214
158 17
204 136
208 171
145 194
0 137
180 147
9 209
25 222
236 129
166 13
43 286
10 190
88 32
203 233
68 128
82 200
200 118
166 25
259 153
254 5
252 183
224 22
74 110
37 255
234 256
198 125
84 23
211 176
74 281
231 207
61 136
255 150
40 285
87 298
229 53
10 233
153 146
45 231
228 280
170 175
274 266
237 202
184 245
64 234
187 180
23 134
159 171
174 11
275 184
239 157
238 144
111 196
259 122
80 135
157 159
149 293
108 255
14 236
185 275
286 167
216 92
274 196
112 111
95 110
226 15
227 36
62 155
68 58
69 36
81 235
110 130
34 239
245 37
153 166
213 70
137 81
226 26
226 11
182 79
146 120
215 234
256 194
5 109
70 125
165 120
111 71
65 169
293 295
5 147
100 270
38 199
172 126
145 159
132 168
163 19
164 48
99 78
259 35
201 87
24 295
261 167
231 129
54 11
71 132
215 58
90 58
46 130
260 256
197 287
219 257
174 282
271 209
126 218
82 31
200 4
90 133
64 185
272 237
139 164
107 264
146 102
271 201
277 268
60 8
82 17
141 9
156 95
244 274
115 78
218 232
108 293
162 1
84 295
101 210
117 206
188 202
126 32
271 87
210 193
158 208
256 236
282 223
97 44
25 272
194 117
61 3
222 292
97 30
158 176
193 162
176 50
172 219
254 299
119 177
212 60
17 180
88 21
48 179
124 122
146 210
60 258
12 81
82 105
106 208
226 125
0 292
286 56
152 182
25 212
88 42
11 178
69 286
54 123
213 101
119 296
110 30
67 21
156 80
178 93
160 236
272 9
1 96
7 189
18 125
105 66
169 96
187 34
83 53
289 32
104 101
112 192
261 41
201 21
128 251
87 176
216 208
55 33
192 210
154 188
220 255
112 18
46 266
211 213
118 269
147 17
242 179
180 291
56 4
255 115
208 194
53 237
180 245
240 84
290 10
89 263
258 80
123 188
248 100
81 238
71 26
210 161
182 91
250 131
30 105
169 98
269 205
119 252
50 144
92 295
290 68
242 70
294 156
70 223
246 10
35 226
104 292
107 289
108 178
76 256
63 294
43 107
294 64
139 275
230 299
216 262
169 273
86 222
66 35
296 208
268 68
99 163
274 76
21 18
32 213
232 145
268 142
155 71
39 59
30 152
167 32
201 35
252 275
113 149
71 106
142 110
265 293
244 147
58 23
95 4
183 63
16 96
57 266
185 242
92 99
224 134
196 118
160 51
54 120
248 151
89 82
29 128
14 89
161 49
105 249
4 233
129 130
163 74
298 3
103 33
102 0
248 265
242 87
201 2
18 154
146 115
219 79
212 202
183 227
188 59
133 135
80 215
138 21
34 23
179 62
217 256
225 5
58 256
25 82
101 260
211 18
53 110
96 117
81 280
245 270
291 21
194 32
66 84
119 87
32 123
168 212
73 60
194 205
112 288
187 53
299 83
260 89
146 235
187 247
264 191
38 43
227 74
46 254
284 181
173 13
29 17
67 179
193 221
265 15
292 40
267 233
236 14
59 270
144 189
279 149
220 1
1 224
76 43
40 271
293 97
293 15
145 265
262 271
258 21
14 54
49 219
22 68
148 54
211 251
125 224
232 172
28 145
297 71
252 223
21 6
281 31
269 1
201 39
205 174
88 4
176 182
237 190
210 113
82 159
109 102
46 257
124 242
66 240
271 190
209 115
8 163
236 232
208 109
229 202
289 106
291 245
31 83
190 285
262 236
288 40
295 121
283 140
141 133
140 149
14 267
104 266
229 89
6 159
14 148
17 86
233 81
106 81
276 158
285 263
15 105
84 118
100 223
4 216
67 156
243 237
278 261
57 45
109 74
182 162
124 226
25 152
267 79
141 53
290 33
111 100
123 256
88 191
253 6
224 190
267 204
19 31
20 148
143 25
270 237
9 143
48 268
283 89
288 216
116 21
293 141
180 179
168 279
5 38
182 65
188 149
5
1
2 213 14
2 19 108
2 296 65
1
5
2 174 180
4 156 95
2 41 280
4 224 292
1
4 61 84
4 95 161
1
1
5
4 115 255
2 94 110
1
2 289 218
3 151
1
5
4 130 232
1
5
1
1
3 230
1
1
4 102 72
1
2 168 257
4 107 25
2 250 111
2 215 2
4 43 76
6
1
2 153 313
6
4 9 313
2 130 32
2 202 230
5
5
4 313 38
3 287
3 101
6
1
2 314 239
1
1
4 148 137
4 184 248
5
3 2
6
4 202 313
4 157 147
4 221 315
4 313 128
6
1
1
1
2 319 279
5
4 151 73
1
3 97
1
5
2 320 119
3 226
3 296
5
5
2 97 276
2 138 318
1
3 128
2 322 319
1
3 215
4 20 24
6
2 13 129
5
6
3 34
3 10
4 199 90
5
6
4 34 313
2 311 115
3 9
1
1
4 34 286
2 150 307
3 178
4 317 210
3 276
6
1
2 232 145
3 213
1
1
4 300 103
6
3 137
3 302
3 324
3 326
3 266
1
6
2 4 317
5
2 319 277
3 44
1
5
6
2 127 270
2 73 61
4 105 321
1
6
5
4 96 79
6
6
3 118
5
1
5
1
6
2 297 146
3 331
2 283 309
3 318
4 162 118
6
3 279
3 149
4 181 227
3 172
4 261 50
2 215 8
2 328 229
4 58 306
3 115
5
2 128 60
2 44 321
1
2 299 314
3 76
4 220 201
4 188 159
4 45 16
4 284 202
5
3 268
6
3 297
3 127
4 118 84
1
1
5
1
2 301 237
1
3 32
6
2 319 46
2 125 315
1
4 302 242
4 90 158
2 241 128
4 93 159
5
6
1
2 54 70
6
2 145 314
1
3 51
3 169
4 240 109
2 99 76
6
3 89
3 5
5
4 328 19
6
3 3
4 117 294
1
6
6
2 315 258
4 112 265
6
3 36
6
1
3 320
3 72
3 228
1
1
1
3 214
2 215 70
5
2 213 181
1
3 277
4 250 12
6
2 149 297
6
1
2 315 317
4 331 317
4 254 73
2 282 58
1
4 294 179
6
5
4 279 228
4 322 21
6
6
3 42
4 320 238
1
5
5
4 128 206
2 121 126
2 229 89
2 285 269
4 44 256
3 322
5
1
4 304 44
3 216
2 23 29
5
4 347 11
4 94 111
2 68 288
6
5
1
2 66 226
1
5
1
2 34 163
3 225
3 134
1
6
1
5
2 14 162
2 293 148
1
3 200
4 209 319
4 3 294
3 321
3 29
3 68
3 82
3 325
2 282 135
1
1
3 222
5
6
2 231 343
4 166 117
2 185 237
3 282
1
3 309
2 33 76
4 223 164
4 121 54
2 348 304
3 331
2 211 51
4 223 272
5
2 118 212
3 315
2 245 169
1
3 350
5
4 63 126
6
3 324
3 236
3 212
3 237
2 358 312
3 151
6
1
2 129 345
1
2 314 215
5
4 322 187
3 120
3 113
5
3 107
1
3 124
4 200 8
3 103
2 236 124
2 316 145
4 123 55
5
5
3 211
2 343 112
3 119
2 183 342
2 241 118
4 52 4
2 215 2
4 125 29
1
4 146 174
1
5
4 6 262
3 309
6
1
3 360
4 215 204
3 197
3 257
6
4 337 144
4 311 198
3 82
2 106 279
3 63
1
3 181
6
2 265 140
2 86 311
2 164 163
2 263 295
4 330 283
4 109 342
3 268
2 13 234
3 294
1
5
2 144 176
6
4 109 157
4 0 308
5
4 218 190
6
6
3 333
1
1
4 53 92
2 129 319
3 54
1
4 329 41
3 142
1
3 85
3 190
1
1
1
6
3 200
4 356 211
3 33
4 66 215
5
2 139 329
5
2 41 247
5
4 2 201
3 202
3 234
4 309 301
4 273 333
5
6
4 110 291
4 16 212
3 99
4 275 1
4 268 227
1
1
5
4 101 217
2 331 107
6
3 372
4 271 99
3 261
2 246 201
1
3 305
1
4 322 99
4 363 149
1
5
5
4 169 10
6
3 76
5
3 168
4 274 248
3 129
1
3 312
5
2 154 361
3 118
4 92 268
4 163 290
4 132 165
3 345
5
4 147 259
4 45 219
1
2 63 164
3 20
4 60 91
4 232 179
4 27 295
6
1
3 358
3 123
2 202 137
2 298 217
4 315 238
2 203 94
2 12 238
1
2 161 110
6
1
4 7 24
4 72 379
2 190 268
2 270 378
1
3 73
4 18 122
2 56 350
4 338 324
1
1
1
4 310 31
3 297
5
2 137 119
4 217 265
3 164
1
3 199
4 245 285
1
4 304 109
3 381
3 237
4 300 183
4 262 369
1
5
5
1
4 145 240
1
1
3 34
1
3 191
1
2 173 334
4 183 45
4 171 267
4 117 235
1
1
2 20 143
5
5
3 225
4 251 311
5
3 363
3 358
5
3 99
2 176 63
5
4 275 212
2 120 301
2 281 374
3 60
1
1
6
1
2 58 290
2 201 139
1
2 385 181
1
6
1
1
6
2 42 153
6
5
1
2 373 122
3 140
3 3
4 90 356
4 28 324
4 156 22
2 407 167
1
2 103 212
2 281 358
1
1
1
1
3 224
4 78 84
1
4 178 265
2 277 50
3 75
5
6
2 255 204
3 233
1
1
5
3 275
4 86 402
4 142 26
5
2 305 14
2 17 335
3 340
5
3 195
1
3 392
1
6
5
1
5
6
6
6
3 266
2 200 145
2 104 357
5
3 108
1
6
3 369
5
6
3 219
1
2 27 160
1
4 235 140
1
5
2 206 152
2 100 79
2 422 37
4 297 292
5
3 67
4 389 71
4 120 54
4 91 3
6
1
5
1
1
3 249
2 409 265
1
4 270 246
3 355
1
2 334 177
4 291 163
1
6
4 339 249
3 279
5
5
5
2 17 5
1
2 416 183
1
1
2 12 89
6
3 244
4 242 385
1
5
1
4 251 322
5
2 327 181
4 5 268
1
4 6 298
3 223
6
5
6
1
4 206 275
3 156
4 202 379
1
6
2 159 83
2 234 335
3 359
4 27 363
1
1
3 308
3 61
4 327 424
4 327 17
4 309 258
3 334
3 174
5
1
3 416
4 220 366
2 94 438
3 200
6
6
3 120
4 13 410
6
3 61
4 135 310
6
3 221
3 129
2 192 372
2 351 261
4 48 327
3 284
1
2 21 251
3 405
4 386 379
2 40 70
4 425 240
1
3 105
4 131 383
5
4 191 249
1
5
5
4 158 34
3 434
1
2 439 394
2 96 444
3 168
3 76
4 353 267
2 198 102
4 83 374
3 289
1
1
4 323 145
6
1
5
5
1
3 193
2 188 412
1
5
4 256 432
4 198 415
3 171
2 426 330
4 135 7
1
3 302
4 232 356
2 349 303
2 251 401
6
4 286 319
1
5
3 318
1
1
3 233
2 442 236
6
5
6
2 129 258
4 377 249
4 124 164
2 3 439
6
2 316 250
4 438 185
4 445 199
4 265 155
4 108 410
5
4 233 221
4 14 205
4 100 143
6
2 170 43
2 307 79
4 413 3
4 358 246
5
2 58 231
4 164 328
6
2 341 148
4 325 301
2 0 386
2 12 377
2 72 410
1
6
4 10 280
3 262
4 427 43
2 254 256
6
2 410 403
2 179 413
5
4 248 287
6
3 97
5
2 240 356
2 440 195
4 350 406
3 26
2 247 385
3 172
2 139 167
3 150
3 98
2 9 182
6
6
6
3 439
4 451 253
4 313 200
4 21 80
3 250
6
4 228 148
4 181 383
1
3 440
4 153 140
1
2 174 265
2 296 195
2 349 76
2 65 144
2 416 269
2 269 163
1
1
1
1
3 27
3 346
5
1
5
4 181 214
4 92 389
4 354 38
2 107 456
3 281
6
5
2 104 330
4 81 56
4 12 94
1
1
5
2 317 95
3 434
2 169 207
3 96
3 88
4 133 76
3 401
4 399 97
6
5
6
4 268 52
4 237 98
4 154 153
6
4 389 419
2 445 343
3 75
4 73 254
4 323 239
1
2 100 70
1
4 88 150
4 265 61
3 425
3 231
2 65 261
5
4 426 414
3 281
2 150 122
2 380 457
2 267 69
3 241
3 325
1
2 246 455
2 292 45
5
2 219 248
4 87 377
4 320 163
2 90 19
5
3 43
5
5
3 436
4 437 229
1
1
2 392 84
3 40
4 103 96
1
1
5
6
4 378 470
1
1
3 60
4 124 459
2 61 220
4 97 163
4 303 268
1
5
2 355 78
2 272 450
3 205
2 424 68
2 371 230
3 271
3 222
4 70 166
4 336 206
1
1
3 346
4 29 277
4 31 78
4 100 70
1
2 389 247
1
5
1
1
1
3 416
4 126 136
3 296
4 23 45
1
3 475
4 89 418
4 438 73
1
5
2 307 400
3 323
3 117
6
2 325 91
1
2 445 483
3 89
6
5
4 429 443
3 43
5
4 174 37
1
6
1
4 406 411
1
1
4 477 189
2 266 328
1
3 380
5
4 42 88
6
