2407
436 540360007
441 466835954
419 729584828
435 436918033
419 923654344
433 769328093
440 825759807
435 234668609
450 934652313
449 605614852
30 933585020
433 875686322
432 630510541
430 979871400
46 525150562
430 107248029
439 547246948
435 425618109
444 188085607
440 240399764
434 436359526
423 927458951
442 80040476
452 574175755
316 929403573
428 425861628
436 442363967
438 216598288
442 991803220
436 895267449
444 772799374
436 640637838
454 470506739
435 877092263
449 160544989
438 420922607
435 232970953
446 969827341
448 125253465
439 890089465
435 228967048
452 421901578
428 151767163
439 39598530
451 809151724
457 855853013
442 336372813
457 424194043
317 47883616
149 681460616
459 804928305
453 917191289
438 536953964
232 156570614
429 442665502
438 707076132
443 475304584
428 643631941
439 746338923
450 557035596
440 212048083
448 13809687
432 488836727
444 643359441
441 19460088
448 390414239
422 701429302
195 41463406
448 515248915
448 399404260
456 950488709
2127 708334902
435 398494724
445 418545490
441 71040051
435 153259541
443 418958750
2223 632560637
65 403094923
437 824037041
342 752772249
2324 190866388
453 882189176
440 912131551
435 282987832
446 606610896
441 345571229
428 295471278
431 459773840
438 940348590
431 4116551
2333 201755952
448 232667976
431 337227549
452 676198345
2241 932182855
439 701389452
453 665526121
435 671192544
439 768179616
447 627787052
2307 942503707
468 378147523
442 401699861
462 961423800
436 515308176
450 115820543
444 573804429
2100 638851283
2033 406232832
195 41463406
454 80288895
439 27293948
447 716638440
424 376852953
455 336951066
441 892320202
0 0
440 642299063
426 914934019
447 300174839
448 430181725
431 263400681
433 545543732
434 6438325
434 367047390
456 970290269
428 622267723
440 238022551
436 103594321
2245 545329172
445 94308044
2380 652556730
444 418334157
437 707111501
74 952728957
195 41463406
430 877018504
441 807165859
446 865217721
446 467836181
441 833889903
432 965423012
41 403980675
447 122419763
439 283800452
427 536326138
459 828604851
440 765288785
438 341858064
445 712730085
431 674377455
433 514589311
2087 510278278
444 297964924
436 160413477
428 23079268
434 246031471
2278 420289232
433 147742959
441 948255859
2061 845680199
439 905592009
437 722043994
449 253199717
15 585886786
438 72116310
422 721221934
428 613172634
444 230347011
441 423430399
438 952875641
454 710098922
2058 232792799
430 943588616
440 810284140
461 197569269
452 317385785
437 945239597
439 109331207
2243 571237728
440 313727623
442 730695895
438 836022398
447 388037075
445 752290852
430 521109968
323 81138241
196 115857856
435 321620926
431 702831930
434 918410066
323 81138241
452 372257461
436 702632707
427 481477788
436 369162707
442 849297185
445 548326673
430 636518246
432 35155271
441 713855323
2140 206451832
429 602642263
437 71998854
455 680654155
445 534688065
82 366430086
435 217325760
433 841571807
445 198978734
449 780878000
446 958443748
445 758841718
2265 807581053
450 127304607
425 847900453
435 222592967
427 958059524
446 560128103
2245 239783524
444 346751930
432 285749778
439 733998242
2100 725207918
430 960675029
2140 551300125
460 244493717
437 13652105
443 193482933
445 917126066
437 845186292
2388 958874337
432 355649338
441 19325373
439 303642228
451 622169700
446 980165306
449 807756970
440 529960269
439 851605743
433 644141180
435 163349467
448 516549888
429 953176442
440 891770547
53 756037752
442 533669326
432 469478221
443 20632689
275 89124541
439 763271687
440 444158586
2257 578456653
450 592260732
440 710082905
178 376666108
461 398517632
443 696435780
438 806002656
334 568627594
2359 565948448
437 950910983
444 429525565
439 715612582
451 220610818
432 150640255
446 365770619
453 353332205
2099 661450409
428 564407053
435 137670573
196 115857856
432 386166172
443 348347956
448 682535993
448 562130346
442 289874267
429 416844422
451 726021141
446 631524375
440 647348462
431 391181284
438 188234856
424 425748936
430 299215145
430 696899138
437 800542938
444 644155562
2111 54248652
2096 401298688
450 248217471
438 58829436
438 885100512
434 873683970
2113 763553474
444 73163804
431 917491531
449 387511796
434 444269515
445 653326039
452 260502829
435 281536437
449 753255022
445 191014194
436 749525648
64 480975167
463 776803211
432 61191133
431 572624536
441 147342085
442 755218838
435 724153806
435 194745825
435 35979932
450 568528327
216 151476143
442 206188909
2365 663877298
445 960982912
64 480975167
448 2204921
2255 621100231
443 666913685
440 479857522
449 930273734
439 564301390
423 521966863
2227 305228076
440 40123493
432 326992457
438 782079914
447 676032399
2087 936001383
443 925454840
434 52764549
432 845836394
82 366430086
446 356732293
435 644976023
423 853135842
437 750551345
450 891660757
432 532526433
436 569442896
448 895526392
430 503654847
424 557792390
429 790550367
2075 611035309
451 579442484
444 744591166
445 161439795
426 706556365
449 58363539
113 132139026
424 71292310
430 11832777
428 533796350
437 828217037
450 788604964
448 918608454
451 390961761
443 866727152
342 752772249
2091 953629885
430 150318328
436 989662616
446 502950476
426 631153283
439 315113894
437 367489553
442 204834130
2123 434068815
435 783573070
431 112422940
449 771104851
435 905410137
434 348141943
439 607286463
439 469545722
436 944436556
421 829707626
2125 198777516
443 590068738
2226 811377958
85 892275223
442 302423321
438 274762225
443 411497599
435 658325382
317 481569290
433 22061107
440 618345121
440 215562357
445 717650121
458 878835535
107 249195166
430 29743679
435 248975189
334 568627594
446 533463493
449 556665924
453 687054578
439 209247798
297 530634960
196 115857856
262 730462412
431 619523123
441 284182568
196 114711230
430 279284375
435 673961154
447 428245736
431 91818088
454 387002927
2 17297
2033 898800571
455 828049014
436 41122781
435 725276481
2138 277691889
445 620713176
434 67945306
453 78526217
443 356147605
439 472557008
447 621564222
440 999030477
442 92398412
450 207092261
437 528057853
445 142603951
454 442568549
232 156570614
428 890770661
54 309093283
431 480899324
443 73274779
422 74197317
439 958350123
438 692486294
436 499442881
435 64640430
429 601799503
436 96502137
431 725981652
436 713038251
445 160644090
435 375464284
438 680621641
433 870486831
2307 535028845
459 630787005
441 978947196
20 917223602
457 402655828
444 345073810
438 228179222
443 463452206
178 376666108
431 692862815
82 366430086
447 611983036
74 952728957
436 356418776
441 385573777
454 825538678
2117 623762311
451 93818511
450 528113009
434 815957062
444 871072611
450 585988657
178 376666108
196 115857856
2398 875739503
438 197998924
440 155417316
449 48628242
436 197983765
429 49133894
435 39272452
438 419064084
447 82794610
445 565122
440 183947782
316 929403573
431 604950549
427 868906681
430 817352871
445 261425487
442 431558255
438 261139309
446 809576430
439 564348319
92 732414571
423 108141622
448 302211248
435 515684445
422 209089286
2197 503208380
438 190525141
437 206458112
437 239824069
453 427914676
42 717113066
457 19367176
345 997660942
440 532862943
2232 965954129
275 89124541
435 946282009
435 641630453
441 556507349
432 61020495
450 12939060
436 33372848
2251 757951391
434 667935313
454 554297284
447 113388310
436 783488302
420 365498492
444 752855438
447 191581944
432 926041174
425 696317769
344 909738889
433 37735677
445 258518127
434 953225627
435 454909171
439 137861511
446 223039484
287 375055378
426 319629541
430 647437327
449 199227363
445 106382826
448 275968387
458 863506133
423 716179323
447 315171517
2100 101423384
456 15946192
443 109205453
448 160134208
446 673303138
437 400367518
433 777199890
433 236210882
430 764750194
431 827688300
455 560431216
438 825524991
2118 348658581
432 596834145
446 335810934
440 339750620
449 668691950
418 126559992
443 340425764
445 174867443
457 129479681
2233 350554557
442 943297104
426 932043631
441 21212558
429 34511201
2279 863821224
463 571506169
435 112441055
453 601204786
428 343469237
450 221497734
174 578496901
439 248688652
426 253728042
42 717113066
436 949472356
441 145759721
441 277728124
428 705234581
438 614918736
452 700652320
443 872274512
435 578043957
438 771489358
2087 728860478
433 335346551
422 931745938
444 561457061
439 103156817
438 442816298
460 72719411
441 898621467
434 234122125
437 668322411
452 557635131
442 258567669
429 143660312
449 955386551
2034 678963720
446 600728763
433 98537765
454 740107081
441 578487536
442 664286881
439 813667916
15 585886786
433 169469621
427 172605992
455 259480700
442 991541453
434 298186204
434 817029837
443 382044948
2087 397870590
138 6311573
15 585886786
427 334140483
423 57773412
437 906795703
2140 887425187
443 941676478
439 799961185
436 175571281
2333 14396142
437 605071361
426 989422132
443 178021126
438 609644636
429 324034884
440 265669631
446 349348295
446 809531582
355 657977159
2373 326678310
443 408562081
436 100637173
435 654142987
2234 856498722
449 179699556
434 691447632
446 462226216
451 758277789
429 500812456
438 113733603
437 615964359
445 908979461
174 578496901
442 909304906
438 456053030
435 345051749
437 968314649
439 860979670
436 300886102
174 578496901
436 846049095
2114 391337266
429 585202484
459 304781775
435 579091726
30 933585020
431 302445019
433 722663477
444 844957318
442 866300006
2100 418495309
449 56941719
439 948822326
442 523441297
439 885884051
455 777752616
438 878521581
439 545342010
429 447200402
448 529602641
430 143202603
432 274168130
461 101111626
442 569101977
441 9566600
435 815131305
433 903205354
180 3286789
452 58687813
432 711671233
443 353430793
438 576886006
433 146113157
443 626528643
2145 879407946
439 261532094
444 889330630
449 509842815
440 442212873
138 6311573
443 698386380
436 744373417
425 14934812
445 384433312
431 859820840
435 124100929
435 45088600
454 473699437
452 98149225
457 914347146
429 397469619
245 378118909
432 264917792
433 627213270
339 461959075
431 473263503
429 587713112
447 873692552
446 98864918
431 356012015
437 727383373
446 900686413
323 81138241
2140 790236197
449 333097278
431 560264425
2226 833481012
447 775738390
440 650067817
446 195375986
226 297426760
458 917753912
323 81138241
453 288966220
437 694888339
2139 852900349
450 119340658
440 89890494
426 873438599
451 809766134
435 938007887
447 101734036
449 206089345
439 693722462
428 242668129
433 513908769
431 270641545
2034 942801553
453 723749461
435 654435422
436 690733352
433 470094702
419 988798439
441 151389474
427 592902770
436 366637938
452 729229991
444 916213301
338 462833919
443 999181328
455 324329083
439 1341863
2245 185492401
438 63242334
431 466716588
447 196349951
429 742095693
428 664485274
454 215912999
443 700329015
430 692646195
431 480124008
436 173443582
434 168520716
440 810905348
445 203135334
429 212662731
216 151476143
428 519991095
443 886418846
447 357814669
441 704227540
440 609859304
446 205719662
437 79411388
447 993492191
433 797842751
434 585722235
448 724650275
449 377636880
443 705580200
450 201109045
434 798205763
2197 437540698
2216 289521727
437 640873398
444 85940030
440 866706630
447 904847582
445 279475918
427 124017744
442 154997116
451 783277891
434 207544261
436 79834397
434 272405534
429 787847513
2245 509365869
91 744784854
428 348738046
443 430748864
434 52120818
445 324867009
438 298295942
429 915095739
197 469990431
444 545944468
451 139477171
440 959996619
444 436347026
443 963227193
197 155995753
434 442065028
429 991639178
453 968618774
453 935986069
445 841742056
65 688049592
424 746979399
427 128451912
439 774638039
434 826054217
456 895550757
2062 636206434
460 242274389
443 110855087
438 249112810
2254 790570690
447 839831302
422 960762383
443 972964876
195 41463406
197 469990431
432 90271935
433 993540902
432 195393846
430 642445004
294 121867206
450 143041492
442 920509262
443 490434300
437 677389583
433 353389273
437 934596745
448 47878560
449 346970381
434 127831435
429 554040591
440 921529726
438 463979231
437 975275498
432 571087581
2073 317497619
430 823901542
436 506965006
442 425262931
445 613145301
439 660818551
438 599848556
436 929566047
439 629254423
446 12189126
451 845212814
434 136909008
459 284794565
441 528990919
438 8807213
441 706843379
449 771779248
435 115140141
451 945840094
436 642463420
424 498187418
441 443730164
442 2610536
441 260990607
420 589411077
443 724480323
2040 277317712
435 389219440
433 93911450
434 267539543
450 563375848
428 285061485
426 797879022
432 540700517
316 929403573
457 774873804
446 573635547
439 445642539
436 943260781
2111 132675437
436 993578108
2232 344043352
433 468061667
435 319540791
431 986879802
15 585886786
2255 251831207
435 247879725
429 244674431
180 3286789
441 988650507
425 413388437
447 340834386
458 116612828
446 152940563
448 835003948
447 50771090
436 408736507
439 693730797
448 614654929
440 489074094
434 270747679
434 793138883
440 781167286
437 180617631
451 660051728
445 407464341
430 161094606
449 920267553
431 253967464
429 237954949
440 142142772
430 963687648
447 207592655
449 805897313
418 220401453
420 863235591
434 589926049
2242 823674570
442 437483450
435 763934908
434 233790821
2342 752438363
452 165965266
445 270717016
450 198460462
444 816574073
458 443494363
434 685721363
435 980328191
2113 142055914
443 826026693
443 535004874
64 480975167
447 368557680
456 508502200
433 995990482
430 289892637
434 277308645
439 8752460
427 136550216
438 128059177
434 988409507
442 247057233
437 509339417
437 54304042
439 739943711
446 200996524
2342 186925941
275 89124541
2140 400142507
436 369839957
437 759592802
440 576942386
442 865285525
436 419797829
450 725620991
442 824281878
433 421760956
436 318737336
428 924125652
443 401220364
446 326254580
424 503143392
451 184840617
447 875533317
437 709856494
458 166889880
431 941686392
2254 192766396
196 115857856
196 115857856
437 703688548
435 599739216
433 445399497
443 346633683
443 588268848
443 271454609
437 993244319
113 132139026
435 747189983
415 702250931
435 626087172
432 908139872
435 508416450
113 132139026
434 356319701
445 812653565
2268 68806867
423 116678554
2286 99124447
443 585725153
445 996036869
439 200843283
431 7334195
437 148337350
444 492960681
429 475741752
433 187901805
446 806952851
436 990800194
149 681460616
2234 248987927
447 950143748
425 154404747
2244 597383033
429 311047447
437 552364518
436 735487890
446 169168088
429 463167640
442 595639093
443 501802708
197 655885330
430 410462836
430 935201567
426 533210481
431 460019852
447 99405771
436 131660557
2234 452411032
449 369145550
434 290864894
433 575272004
450 797165468
2257 945341537
440 38421541
434 251575771
455 486349686
438 182555458
2111 561284487
449 937129279
447 269995617
437 560005063
445 434186778
2342 508050477
439 876028884
435 624682374
428 317362168
445 700443628
440 463895685
443 50516910
437 911865317
175 437376094
432 368508055
429 73544007
448 226307826
453 435306529
430 76014291
435 836870586
429 157477623
441 42572921
443 644215327
431 205858961
342 752772249
356 583908681
442 930507343
275 89124541
53 756037752
196 115857856
444 594248431
436 781054869
455 162501719
439 78267301
434 72727378
441 592348280
212 700904791
441 956615114
425 164711892
447 362728852
446 198146470
431 737566146
443 650459191
421 361066576
67 595521425
444 203898371
432 390623952
445 455608957
442 690990558
432 985098640
450 328392647
436 367365030
441 631101208
438 756515150
448 53318678
428 545341518
449 84883103
442 125464352
451 564390649
449 535661028
429 780883334
443 18834585
161 671598192
436 241724259
440 152614414
437 890617630
438 142090424
442 894764491
430 446946597
438 401376375
451 578208788
445 644812881
453 424101269
2203 796373518
448 117113767
430 175356950
448 604527485
436 632202960
441 647401257
450 16682272
448 360207657
448 142900399
449 757024588
448 264295182
445 473816553
443 789998120
2099 318878249
459 938108803
434 978371922
447 659733167
441 335553829
434 863731568
453 565300620
449 686278137
425 10659560
449 620745935
434 260606679
2197 507895898
447 158457146
85 892275223
64 480975167
448 766608538
446 92490659
439 180990672
450 985797
432 93906105
446 160583992
441 668125180
437 257408514
436 789639011
438 258510712
447 635690842
439 164880966
445 282993331
175 373779446
342 752772249
435 568404325
461 34565375
440 429799208
438 120185816
444 758513836
442 849452522
434 333583046
432 868392930
149 681460616
437 994027404
436 952091647
440 525948887
431 660070908
459 518374031
430 28593069
342 752772249
454 866548397
438 380080623
2241 87589691
446 728123423
53 756037752
2140 317956265
422 427236080
197 901885877
2056 435904674
427 76333773
445 877298654
428 256389302
427 825789326
443 764210096
436 472052405
432 109014355
438 598122692
455 477611436
195 41463406
436 919809412
432 281006086
429 160049425
443 515623469
232 156570614
428 292018979
448 390617977
451 608192488
443 338493713
432 445195031
332 469777852
439 748334106
441 454775175
447 832763402
428 22616431
2 17297
196 939954695
439 608935498
431 426318430
440 456641222
432 127348574
2136 220361251
440 371983114
436 523544488
443 609185018
435 493328384
441 267101248
446 347023475
433 158102931
431 6189023
323 81138241
438 751026176
2307 145200617
2087 969560685
438 611376631
442 903993643
440 532070532
2040 256378913
449 21915157
435 799658633
441 388751460
417 845535534
442 151082477
440 736797178
447 42353909
434 497046759
444 496457604
450 313689668
435 342886738
429 481706247
444 412135717
444 708308303
435 164162405
445 171277279
432 569607759
451 64147006
436 297479097
2307 355140042
113 132139026
440 872545113
446 346153274
446 951466415
446 968991220
435 580500442
443 990771275
435 733944754
438 66500566
456 448265572
442 554662247
2380 303576170
446 703364365
447 49745450
2226 40313527
455 522519168
424 864945846
435 610274547
430 716287290
448 795278540
443 61840569
42 717113066
2342 558976975
449 723525879
2074 812419741
442 404339873
434 695068584
455 579679840
451 536122066
443 347153756
435 521940967
454 136152405
413 481488639
432 948305122
435 128258036
435 305132144
432 467374008
431 608263562
2117 244422122
446 813143315
428 365544178
435 646822708
443 28190351
444 268215224
2 17297
425 672149251
446 545941047
450 537517888
451 922853760
438 320156378
447 752904614
432 217081961
429 317990122
30 933585020
448 752000280
431 489912328
445 682131249
451 744609028
435 918181420
2074 695551520
432 793355876
467 422414900
432 386694837
446 6385774
444 608627853
447 696389767
432 979327819
433 380419260
412 894961193
428 649576299
433 543851922
196 115857856
433 324231781
452 879593508
447 921606862
2255 343764183
196 40660074
447 924565936
436 401149813
429 164224192
2264 912985139
439 68674845
440 663956947
431 76476461
432 631701938
447 384406781
15 585886786
297 530634960
435 309383581
455 501487613
437 693091488
448 182282733
2117 941347277
446 291085281
452 977855518
439 967828042
439 68625346
440 906262437
2100 518828798
438 324213515
434 300264576
438 502397833
433 480424630
449 304868338
458 294044027
444 391003334
420 804258819
434 660519400
449 356713027
432 906307787
53 756037752
445 885306086
437 2081431
441 804430734
457 395778548
2226 791415086
441 223841999
450 329972505
2111 354223715
449 910820145
441 338867767
444 898096638
438 450974820
432 105613277
429 463539606
2086 223347113
433 498018349
416 801269832
454 707076877
435 498915015
418 190366148
196 115857856
449 974769909
246 480827799
446 404913266
451 600212617
432 104372801
445 11973543
455 313957435
439 949677850
434 653654979
457 50498307
435 872882019
446 371191112
437 197208072
446 233064683
2245 627052110
440 740809197
323 81138241
2359 587296705
443 401157215
438 942814129
456 408247407
441 716038592
442 324116452
430 83892544
449 643262411
443 605071883
422 876064748
441 602499072
434 986423889
457 121946156
446 29346886
458 462735507
453 157697083
446 985373507
441 717033666
2093 735247577
436 889396930
2289 423997070
449 28668087
448 183489315
20 917223602
441 434156915
429 74653363
431 356968461
422 675567665
430 830810232
424 177211178
2307 246124562
448 953749578
427 901028064
442 297003798
431 421332486
422 953356910
428 604544199
436 986098039
445 877908599
2061 8892260
2245 713600435
428 586990613
443 929861095
456 102288436
455 801980163
316 929403573
429 684273727
455 609617559
426 775838649
452 811838416
438 594272772
446 732497250
453 262972607
435 629090965
452 122307192
420 760782223
453 286685467
436 124303225
441 644780433
442 792533244
454 133636375
444 201863804
448 310978972
438 753781529
436 338448188
2086 88074828
433 398759895
430 432721045
437 925519020
442 386888920
2287 2008533
451 874344591
440 225376709
431 334053043
446 96334726
430 271032760
46 525150562
429 806600005
427 810720670
458 13567196
423 403243179
425 883210823
433 362490897
432 736202546
448 709920112
428 474458882
2085 933218536
458 537057573
434 349629920
443 100449337
452 310243354
446 439675230
445 693223086
433 303149616
430 550195289
466 61772499
2129 932924747
446 309798418
450 475881307
439 63925799
435 345002657
450 366774009
447 66804242
2113 427081960
441 63787377
440 469022837
41 403980675
442 505160013
46 525150562
447 831181632
432 913673331
446 440721647
431 264914175
170 574072297
439 175066094
439 761850457
452 343493471
441 138529421
449 473261445
427 188674111
445 867110561
443 56812773
436 167605484
439 443485339
451 57482695
429 320508811
428 827282023
431 753451738
438 463721950
441 433599046
429 115641354
438 232648453
436 227262950
458 116005423
437 480229464
30 933585020
448 77612454
440 940245733
2114 278547334
297 530634960
2118 339649052
433 748999483
433 600556856
438 571281676
0 0
196 115857856
430 717663449
436 925018333
440 390601413
435 494585470
443 338330690
435 20236598
451 874749085
434 529616210
445 226018534
439 42318571
449 765467156
436 178755666
439 378916954
433 287119246
427 800766279
430 32117743
451 170317228
449 170189012
459 170126069
437 625342768
419 222408114
429 705996979
10 39052839
2126 311375247
443 518899728
431 134829656
449 909977178
345 997660942
456 946616521
2135 82221757
447 619859482
445 96191604
419 883785637
444 946205696
441 585491330
441 488613326
437 849527760
443 965213196
432 342327355
453 640340561
440 215128511
437 876582358
449 774798684
434 538577705
456 877724153
451 303536376
437 77773987
456 208153712
444 957241904
421 732278341
426 851340044
437 467445745
424 764293893
448 741173031
428 821336449
444 260541890
436 123577787
2113 887831459
2324 188584891
430 849583786
433 419608068
437 826814721
356 583908681
145 384410267
429 654838260
438 958155347
452 462749584
438 286486738
454 22322553
435 169735364
441 991651838
441 750156790
431 473200601
429 812024846
2241 297779787
427 153027740
440 583114975
436 380300239
440 143263480
436 542560543
452 294676390
115 45597412
445 788170716
451 990247475
432 635174955
445 386154400
462 438496580
424 723891894
443 527457537
445 441916884
435 368019511
444 999168078
443 797035404
451 992983676
447 300806041
450 349331355
438 559509886
442 43297686
442 180070840
436 636845893
446 70019618
2110 413084616
447 971006944
444 747235763
452 262597327
447 323744681
450 162886083
2113 881277846
465 248985529
440 970519364
2225 393111450
429 290056257
447 143802222
443 235565492
440 343761590
449 58896037
449 267935425
2099 743847239
435 622258620
431 213833167
440 385856625
444 225663028
173 673929679
438 914920954
439 600000935
438 498012402
435 496872695
442 19828934
440 30123155
454 761305375
430 427058408
437 684194857
440 823704503
438 745364504
432 3661345
441 742149968
436 93132001
443 191994286
440 146804895
25 219565659
434 836134371
456 436502349
2054 444737117
441 964792576
433 183545986
445 3994614
427 674423543
450 975068748
442 190753907
428 317787280
445 995947339
433 887689928
459 548348751
447 562397193
456 24040457
427 393567633
278 24591036
429 371551920
440 679733708
10 39052839
438 260877931
435 792449326
454 280730364
2113 324016535
437 11539824
453 599404003
435 344534975
449 425583317
423 739552756
439 924522745
433 866409866
2307 146445168
442 313050339
442 544010
448 607257056
440 545860508
436 411001476
440 123313888
444 829593948
450 224409297
433 991894133
436 122692384
429 728446286
443 660375296
435 9410982
2245 80465119
442 262833555
431 840156378
436 764411257
433 875663724
448 871830500
433 591910613
196 115857856
2183 595656744
449 595442281
429 114534874
423 415466105
447 707703166
445 564379888
428 447767400
432 669792310
64 480975167
427 451005472
428 131781167
439 735497189
442 188909896
440 742309642
427 353482339
450 447981957
432 184093484
433 160975379
453 233817295
447 559505921
436 579506651
441 7953118
444 896897372
446 539866512
449 784860197
442 234068654
431 907521778
429 458456648
428 74581144
449 92311190
437 914056617
46 525150562
2034 619463780
430 118537760
442 446715073
2287 474209755
433 733293188
446 581897627
437 417791989
430 172287757
434 813855412
437 880106022
438 703903081
441 940049020
74 952728957
438 525181840
427 519708969
436 144917482
437 544263198
453 21210254
441 896185410
452 721893782
436 966665448
439 681010955
437 933684513
416 857807982
2140 36961397
449 250985796
2034 872287231
2197 756328038
424 196821235
438 186226285
441 246163797
440 259636759
445 818368053
449 305668421
437 309574233
438 402232052
430 408012366
440 316797498
293 693619857
2242 612281517
261 443970559
448 115804870
437 331724987
447 914666092
453 794914648
428 137392620
82 366430086
440 892781654
448 651764640
445 150727458
433 92103069
0 0
443 128901739
425 555582889
458 706166482
427 882026384
460 35863699
435 355727334
442 154328254
434 347594440
421 414069878
440 787040927
434 292287003
426 834722686
440 257073843
436 93444636
434 654862649
432 698858939
2118 389731556
2111 548217506
437 119817614
471 373691048
453 661778520
42 717113066
426 524942352
434 628141463
432 363718501
429 571587857
448 489485924
323 81138241
443 729074482
446 901994360
124 146813393
431 211475355
446 370762178
449 942216474
449 507324485
451 961425069
64 480975167
427 998974513
441 248693695
149 681460616
446 347432022
2343 939581906
448 639728772
438 971586379
445 144959875
441 203255005
447 789065670
437 155264422
439 424265941
452 779711457
445 535728275
74 952728957
452 318926131
436 313606852
430 405787414
20 917223602
170 574072297
429 87405348
434 162533399
438 598523718
434 52129163
436 349122075
3 121311
449 249435147
453 7964767
453 557003749
445 411830391
418 436064864
446 811235785
356 583908681
450 882339086
438 536238559
425 651455617
435 193982505
446 654874288
446 968685031
434 659422429
440 919252482
426 202760360
437 751519107
323 81138241
440 510768572
2197 15017033
443 834234899
425 128147073
444 662627734
453 161374348
442 547850743
458 879546053
451 736227009
2365 139164878
436 310078414
438 732742501
445 848425389
439 377837249
435 624131989
442 540011173
197 349223630
436 862531211
2324 6827809
444 439933576
2087 175640470
445 419852898
2086 998833928
442 172801843
438 922587767
440 588549614
2307 129413302
422 658269174
440 478709814
442 393097627
439 21035870
424 639141286
440 53136823
449 555709516
197 58687065
425 355563243
2227 572394461
442 438160713
2099 329998710
439 520016686
443 266527841
443 347509789
447 749877988
441 172458592
2209 331509134
464 211186943
437 401405315
432 860389271
441 610583781
437 490375361
232 156570614
344 535939429
2128 11318098
451 379629856
440 285697864
447 701930315
444 233184787
445 720616071
438 85952552
444 44569812
442 32633437
427 824312501
439 416096691
428 798461697
24 784767410
438 79539713
450 444234584
438 882717266
440 122056505
82 366430086
444 103764251
440 84004390
445 163128659
196 115857856
439 280317924
435 206549975
432 470621099
442 588253600
357 195298655
432 681474079
429 915464870
435 335388525
439 304446387
428 229283292
441 847243173
444 995543839
444 460524973
356 583908681
356 583908681
2232 496464467
356 583908681
2380 40138933
2032 883717007
2033 117848070
2032 511856010
2031 731976954
2034 725076547
346 371577001
3 121311
345 997660942
2040 599483919
342 752772249
343 215472287
30 933585020
2045 434189359
2047 321621052
340 80502041
2047 812707187
2047 295768933
10 39052839
338 462833919
85 892275223
2118 16017166
339 602968466
338 462833919
338 462833919
337 452557176
2054 515842497
2053 83477688
2118 353471914
335 501103889
334 568627594
334 568627594
334 568627594
2060 178824848
2062 715507059
2062 48166892
2062 376785758
2061 632788445
2061 277418032
197 469990431
2075 47483364
0 0
2062 239766108
323 81138241
138 6311573
323 81138241
322 132951811
323 81138241
323 81138241
2076 202123396
2071 666923236
316 929403573
316 929403573
316 929403573
318 180263569
316 929403573
2254 654509690
53 756037752
316 929403573
2086 617017210
2087 546329190
2086 652214207
2086 460808685
2087 323481197
2086 149145179
2087 34097186
2227 47137851
2086 654587790
2086 187829206
46 525150562
262 921599638
297 530634960
297 530634960
173 673929679
297 530634960
2241 164388039
2091 590835993
2091 712589819
293 693619857
293 693619857
293 693619857
2307 887328003
294 16043549
2099 866535309
64 480975167
2099 589777136
2097 580988918
2100 622761381
2099 666548646
180 3286789
2100 399995968
30 933585020
2101 543684129
2101 153033935
275 89124541
196 115857856
277 60436652
275 89124541
63 244801387
53 756037752
275 89124541
276 751263499
274 155085506
2111 19505235
2111 588848692
2110 149132388
2111 472082060
2111 756886446
2110 23699820
2111 705931950
2111 393835662
2114 96905729
2114 694630035
2114 878700149
2114 167190933
2113 188836451
2114 322675117
2114 275015737
2114 941400084
245 378118909
246 959655189
90 147736812
3 121311
2118 407483830
2118 858975240
2117 192365515
2118 142494018
2119 966525289
233 650526052
232 156570614
231 253643122
2240 977906552
2124 142381907
2124 691510703
228 725987968
2125 846797348
226 297426760
226 297426760
2129 67977561
2129 73009323
2128 936302845
2129 354787995
2128 151980755
2129 602908338
2129 730766171
216 151476143
2373 352672585
216 151476143
216 151476143
216 151476143
216 151476143
2134 610341993
213 976980706
213 976980706
212 700904791
2140 441953821
2139 503599841
2140 825134764
2138 950367806
2139 292790776
2140 478180550
2139 649764968
197 469990431
197 469990431
196 115857856
197 730663756
196 115857856
196 115857856
196 115857856
196 115857856
196 115857856
196 115857856
196 115857856
197 501216424
196 115857856
196 115857856
196 115857856
195 41463406
196 115857856
196 115857856
196 115857856
196 115857856
2197 475448529
196 115857856
196 115857856
195 41463406
195 41463406
195 41463406
195 41463406
2194 175912474
2195 474141650
2195 18632836
2195 830071166
2195 510139434
2195 270617324
2194 989407763
188 69083053
188 69083053
2196 971902351
2196 118583206
82 366430086
181 23007557
180 3286789
180 3286789
180 3286789
2203 259102221
178 376666108
178 376666108
2209 754584150
2207 135338452
2209 911949834
2331 793716085
174 578496901
174 578496901
174 578496901
173 673929679
74 952728957
173 673929679
173 673929679
173 673929679
2223 830272504
2222 634328316
170 574072297
2226 870168937
2225 578430043
2226 806223586
2225 107310378
2225 468541702
2226 606303073
2225 150302107
2226 876796341
2287 627005004
2227 888484725
2227 661025155
2227 68808172
2227 923289326
2227 904657362
2341 406187899
149 681460616
146 975753045
2233 369514039
2234 4529192
2234 570606307
2234 533146084
138 6311573
2380 286080632
138 6311573
138 6311573
138 6311573
2240 752688
2241 109179207
2241 891033225
130 54630636
130 54630636
2242 941743184
2243 999147891
2243 619536430
25 494579733
124 146813393
2244 389902863
2245 68585810
2246 97917586
113 132139026
113 132139026
2252 690906268
2252 801332241
2252 574314045
2252 985186687
2252 861295160
107 249195166
2254 814158079
2254 350603831
2253 171608496
102 630240452
2255 943560672
2255 949819015
2255 993627416
2255 300286216
2255 446897851
2255 473179289
92 732414571
90 147736812
90 147736812
90 147736812
90 147736812
91 34886850
90 147736812
2265 896081196
2265 762973731
2264 357032398
2268 942081575
2267 681021815
82 366430086
82 366430086
82 366430086
82 366430086
82 366430086
2279 720743104
2277 89601362
2279 323310705
2279 14037276
2279 849123294
2279 694725378
74 952728957
74 952728957
74 952728957
2287 952884266
2287 490998305
2286 522237933
2307 780098245
67 595521425
2289 823548179
2290 515235978
64 480975167
64 480975167
64 480975167
64 480975167
64 480975167
64 480975167
64 480975167
64 480975167
2307 741036748
2307 105289951
53 756037752
53 756037752
53 756037752
53 756037752
53 756037752
53 756037752
54 177637988
53 756037752
53 756037752
53 756037752
2324 536698391
2324 993609560
2324 191987715
2324 580634842
46 525150562
46 525150562
46 525150562
46 525150562
2333 859087155
42 717113066
2338 904563658
41 403980675
41 403980675
2342 203003697
2342 668343481
2342 925721948
2341 937357550
32 27017987
2343 934096457
30 933585020
30 933585020
30 933585020
30 933585020
2353 718708837
2353 612642170
2353 870175508
2352 67872892
2353 292042331
25 219565659
25 219565659
2356 715881380
24 784767410
2359 945403542
2359 822268805
20 917223602
20 917223602
20 917223602
2365 878039055
2365 628015647
2365 877851805
15 585886786
0 0
15 585886786
15 585886786
2373 441499759
2373 887745391
2373 11464787
10 39052839
10 39052839
10 39052839
10 39052839
2380 139203323
2380 271192276
2380 195114940
3 121311
3 121311
3 121311
3 121311
3 121311
2 17297
2 17297
2 17297
2 17297
2 17297
2 17297
2 17297
2398 715754554
0 0
0 0
0 0
