4000
79 85071892
106 886263961
97 397778544
103 227939964
99 120751880
107 287744440
113 182078844
90 605084379
104 790279343
104 683961704
104 831057731
98 715634993
88 64852764
94 933299494
98 553756322
94 855663360
101 608002014
101 107311532
92 646349429
90 106008502
95 12532310
95 208094687
103 400965188
95 324907406
101 942535076
119 241857152
104 360281409
108 126323630
93 987916509
109 581511360
101 358548229
86 416912008
86 865301621
101 804662238
108 219079290
107 636598127
113 23385300
108 12867054
120 319289215
103 54536580
116 971150056
109 745237233
92 83719917
97 729989366
92 878378223
106 566979850
116 791999780
109 481361798
92 170752416
92 262600379
105 628788039
99 643066998
94 761856933
97 183523468
103 957778145
85 796603706
98 739081272
97 978803525
95 462816010
96 575601221
98 13074299
91 159956560
88 62751153
97 386781061
92 840466177
92 393759944
98 630709251
107 377707561
97 179757991
98 929575453
86 893496712
121 571548102
91 930619582
88 558435717
108 211148599
81 760017465
93 417340352
103 201489108
122 706005545
108 256751717
89 984403083
111 766501887
112 124512899
109 903470459
87 388597944
90 255838550
119 909689324
111 568454741
92 476187515
78 563798375
104 93074725
80 245206878
112 367170286
96 293127228
98 52681172
118 19909127
91 838567382
96 508263002
116 918429532
91 486208012
100 684522610
94 987380465
106 48965550
88 89096369
94 217783220
94 720096467
94 647285323
101 813710671
105 422058415
100 296803031
96 709137458
85 898827299
113 650085493
113 31666433
107 433897231
78 362382184
96 601220245
94 556998409
107 506647043
92 523449462
110 994427170
103 386139804
117 928436532
94 318122469
98 231991355
92 137491007
84 855305564
105 496343282
108 332399104
120 482330792
100 286619862
103 920233678
109 340202385
96 422197646
90 588651872
92 918201874
103 753023756
106 522667472
90 471578539
99 186397249
95 994643054
105 60912183
105 295337771
94 976938070
89 952565832
104 681861685
84 177257490
107 985868636
103 798836194
117 701236123
97 967498986
95 778735319
103 509875788
103 185062346
112 163701598
95 654119638
107 295073911
109 167291453
107 348315574
114 784561643
92 960461683
113 631598985
110 148429058
93 642170733
96 31219873
104 120296325
107 614989147
103 71403819
113 584948104
88 802360261
101 185506334
110 194482384
84 471473659
114 247125340
109 862560214
97 756564632
77 170783853
106 931216536
103 274771803
105 678133665
95 556296537
92 906467502
93 234985490
93 606221517
108 735828608
93 945839308
99 358673328
90 446750207
118 620879790
109 634871510
94 822435908
103 348983937
73 534182124
109 513435233
109 940080875
98 901701703
108 859861437
100 485974840
84 966808716
107 262850164
99 181848403
121 667237058
106 970039342
93 587236752
108 396034979
87 507813480
92 697726834
81 327992289
110 172526306
96 754113006
117 827282722
102 45552561
107 706673688
90 436703929
100 544829163
99 126477113
95 977179201
95 659443778
80 434019988
106 696370250
100 965330194
98 263811730
90 28717154
116 977699724
93 761372969
103 390923368
81 741924931
110 548472614
110 975901396
99 590328151
102 150774315
91 483570091
93 581471813
114 210938042
85 909789022
100 524511124
101 617922727
89 250369333
114 342362473
101 211655187
120 336734076
88 973692506
80 208201377
99 706805670
104 266789742
114 462248131
102 188473263
95 278226999
109 419228838
101 831189040
81 732947397
93 345177063
116 202658134
81 772725153
97 400143653
93 521926345
90 301291108
95 568543444
88 125387808
112 754904380
86 85104026
80 240306899
121 12540997
106 519726713
94 553826292
81 864867489
104 904654612
97 510050639
107 914000253
99 591456986
98 134687696
93 282774938
111 915376507
118 229792307
89 781013885
89 846356571
106 183890493
106 948613158
92 274393630
106 594652818
113 620038935
104 673021950
96 293532626
88 246942988
75 33880504
97 581658252
103 767552027
111 815065729
92 107144309
97 944903979
88 11155714
108 91805785
112 639325355
98 920637519
110 656417483
103 886515128
98 783185864
99 833886584
77 538679129
110 71957735
108 856906966
93 539015572
106 718345131
94 112696669
109 739623814
104 97182873
109 811673569
94 582783478
98 362369475
111 893323592
112 95959939
98 535857785
101 252935018
93 945323
99 716549011
102 370641220
105 500718241
94 379377021
106 86787025
98 755568319
84 939156668
84 580442847
108 9299781
77 704013117
121 600487540
100 86184784
116 998952366
98 384724328
101 951295202
101 808850837
110 967492044
81 849272935
101 251523807
84 675544371
108 179993646
96 343656011
99 410613706
115 578406778
87 46929707
99 82331387
109 185688546
95 169385708
89 336655081
77 594443222
94 217501131
88 82561413
115 232050219
93 486349058
85 324605397
89 703785728
83 974449002
94 84133111
104 414539580
87 480915997
88 838576629
97 345889651
99 969860199
89 888678832
109 767474647
86 913431237
106 117471026
90 55894927
86 861576762
101 449305427
83 780862954
97 317303250
101 737695951
102 333177460
94 589535583
85 996693113
85 472838779
107 750205550
118 857393165
105 331532981
80 83768518
97 553997946
110 101109293
102 436436035
83 18925385
96 69744562
92 850743171
95 300642434
95 172636890
100 102026777
108 834905026
108 930971868
107 423467351
97 179096703
98 389831110
109 166258697
99 652592431
112 886764113
101 386166459
94 479233438
91 931465953
106 418457922
104 412095026
110 701313940
105 584273501
102 413191158
112 825219643
120 447245650
96 565211355
93 16063362
103 894851068
121 813276337
110 868834350
104 378937260
121 262672907
72 611603900
103 703264773
84 339608061
95 155681588
100 489719974
85 242360400
104 397634972
95 821421110
104 320319866
103 221714909
106 618063071
105 897384747
102 742126744
110 327099418
92 474932978
89 378214555
108 374269546
112 82082148
99 871877375
123 613678035
94 45327687
89 361705263
95 119920067
108 986386359
106 503314539
103 189854279
105 765745871
88 211321598
92 463348431
111 937831060
79 665404462
113 674765826
106 791192743
86 434258099
110 331472725
107 571666499
105 737050599
98 742854334
107 117792388
100 362619619
105 160034925
103 479164668
108 347811555
111 442805752
106 991398151
121 31485163
82 160412076
89 292339532
105 531413310
105 213996329
114 890392623
96 676410474
99 314919885
101 137029402
99 941295804
113 267566195
88 511381692
108 959099209
98 956538959
107 673797902
117 366180040
111 702424539
93 609263382
92 171030672
104 606483925
93 566887638
102 972847078
97 106545610
129 821766095
86 812144735
102 937808068
107 823284580
91 385988475
128 303901434
106 182046959
100 289025155
84 240357253
95 934168308
94 968283566
91 339897975
94 55588185
96 115423979
99 716024200
113 24236956
75 565703148
111 271951972
99 272730089
104 982075623
86 352999599
120 65138155
91 420580554
111 16324315
96 607198276
98 245141730
89 562077969
105 815133244
97 471908423
100 733868070
87 160498228
110 809513674
97 711750995
98 85388001
114 933359089
95 442965835
92 203811264
103 903496259
100 672097960
110 600123686
106 770153784
104 966521316
102 961745718
113 211148424
87 227036379
112 317501342
95 444661969
89 275518928
110 246512294
92 276558738
84 160821015
98 971924086
110 685869362
106 270981350
102 129374390
110 245638938
101 244296049
96 576553525
94 965004489
109 298287633
88 797601788
123 407733240
96 933015960
96 205209249
85 142734102
104 395638927
94 411079953
98 247515000
103 743852939
124 567452791
111 963604226
106 325943146
77 23833328
112 951666361
113 446951703
94 515925530
90 401240896
98 644202370
109 60379321
106 127941525
99 189215476
90 322773992
85 387252374
120 401632785
105 475860118
102 661631474
90 545530815
100 18376069
96 80517693
113 466818609
102 159932243
95 228345587
94 215481902
93 583030412
95 712945806
100 765402514
109 194980103
114 880099856
103 211403093
113 91664513
107 871727147
102 602541019
85 261952268
89 527631810
92 407558580
102 38113805
76 980940521
91 978437513
101 28311210
108 941112067
105 540954286
103 733785784
93 325030379
102 906804720
94 508511407
102 87484378
119 92316171
106 317278629
75 423919956
93 828348395
99 680167376
84 664315320
99 590109428
93 171158959
102 960352930
92 260425243
85 836622624
83 338531871
94 134036417
91 960734562
83 662508340
106 896221668
130 476718586
95 532540974
92 791726855
100 554278488
105 867522535
98 637142986
110 324102189
92 960536646
97 212129440
107 413193793
102 921710611
95 766878292
114 65415264
96 285259398
92 124368016
106 731675154
88 212501223
91 599098625
101 184195579
98 515296896
86 309713754
100 726542306
101 972461734
100 533109579
90 373309964
94 101941026
84 748607720
110 776104225
111 782170750
94 883269978
85 25375104
83 871157650
100 197113952
110 125750265
104 790978414
93 118757405
95 250294311
93 602541029
95 184794500
108 646721332
87 492168923
111 442062552
100 444640703
98 601400990
100 745476486
107 765285580
87 470646156
103 616477669
90 164271695
91 51035428
98 573107954
89 273346730
87 827720240
80 801904190
99 657206667
90 218440513
95 869674759
106 799759249
104 470706862
112 788226730
94 182515635
105 600439780
109 461101787
100 806841730
88 274358512
102 617509427
98 16855590
106 615632877
107 740228288
89 316816551
94 492870674
101 491177690
102 33859965
105 516810654
116 240180759
93 778143619
105 475249937
128 574821022
83 319916174
99 382770593
101 969314763
107 44024970
85 718132459
88 145007861
107 869599101
92 544229440
98 730597936
109 892654732
96 376490650
100 914882292
106 378157846
104 815790153
101 818650223
85 572599374
108 12814418
102 96752772
94 137454004
97 972920726
119 830876829
104 843573023
112 374537559
101 674670599
93 892542580
111 424308727
98 81885504
89 340936955
120 890007828
91 494704688
106 796590355
80 804048797
100 885354024
118 489652625
115 803737513
91 747251448
110 691735646
92 242815889
97 899776621
76 530668534
105 18929630
106 97843974
101 877883376
94 864746505
91 914037470
112 905344670
113 511432973
85 447152603
104 327338749
108 749688604
113 860843821
79 787384415
102 796850116
80 776078513
101 695885491
107 143188978
109 532076503
92 189205481
92 148482762
108 286212080
111 758178938
105 473782984
94 403794015
103 314549734
108 101141098
90 850109580
97 489758428
108 70757292
97 530627602
87 645452406
93 529432569
82 873118064
102 215195918
107 160991157
100 158883827
129 247253228
104 249018455
117 800660077
112 354946907
106 579874259
101 240131325
98 92832668
98 210931184
100 191609460
95 741605463
96 452972861
100 375644160
100 869844751
96 995148166
84 356386259
100 91196580
114 206120128
98 794977233
107 404474915
84 676969807
99 403837115
92 102370615
112 489714786
97 267216896
127 421906441
101 775902630
97 832162621
100 304487340
91 613953909
95 993343697
105 870254025
102 449509012
91 868957483
103 533705807
119 703941129
97 310082788
103 890751332
78 507455609
96 838077479
90 907600206
121 731807879
91 86693922
120 714338192
94 720578018
96 552666796
113 469403446
96 391334292
97 620492295
103 560470542
105 103932382
100 868096429
87 227672344
87 584395558
93 823770089
105 830828095
87 495825880
111 875194015
91 691022172
92 848589932
123 51757546
92 877593094
104 649112002
98 378152423
103 355616799
88 884986131
105 676793465
97 72803599
89 548063706
91 11778865
117 873661628
79 549248834
89 478799650
88 384781483
99 51916052
108 442867946
109 840756672
98 413787197
112 392316627
116 408683580
97 703832312
109 64822076
103 800889183
93 563854569
110 666518331
105 240127482
108 472929879
104 857867242
93 723974044
106 276807583
119 768303721
102 112508095
106 49050251
104 379703856
105 474488265
113 246788977
76 33899665
94 830303342
112 323081917
98 751188400
107 204302324
115 51998707
107 251403002
82 252790577
99 466671609
115 26678562
91 992152759
103 380419034
103 225409197
103 624498363
118 297092182
98 585221846
103 459624308
102 735332225
91 50976757
99 747594266
98 550819364
109 135463125
115 852614921
90 164341698
97 949881110
96 340981336
112 416954559
93 690546851
124 65194046
83 244735230
107 441948230
102 541970875
111 713954539
87 563674686
109 594307063
92 886929677
109 33720452
90 963463395
93 757342598
92 967303311
103 151055514
118 16580739
101 300206187
111 294648776
109 759212756
111 503344438
105 274705254
99 896609024
111 313290937
108 512020879
93 928293637
96 408209340
97 488891055
98 825342938
95 358615111
111 291955331
100 57346284
127 682999027
115 569612611
106 26820988
109 412281815
102 318521598
101 891417039
100 947068806
107 27142690
110 77479462
107 93961194
106 236475558
103 427844520
89 707791955
91 302652578
100 503486610
103 491342251
107 934520521
88 666270347
89 635438443
106 645849974
120 566326750
105 442619898
108 818186338
95 969687139
109 479441048
93 778478454
87 336303894
91 503378188
86 652984655
90 102670023
93 448106590
114 918896236
88 464160563
112 888239633
111 901478938
91 290675596
100 133606666
113 647006762
106 847923602
104 441362930
115 412673669
82 603947912
110 744459171
100 627646616
97 298875227
94 79822756
107 894970874
97 810066767
100 528524132
95 281300519
91 983679645
93 463800438
92 244374480
95 277904853
90 169445616
93 127400900
93 124516027
107 885750622
95 559789513
87 222743975
90 230207035
103 2362293
99 73437569
98 954424597
90 530236742
119 264995335
99 924092856
96 418383549
127 410760903
117 667648678
103 114046915
110 936657063
92 645583590
100 821202138
103 111355280
98 240246583
100 583486424
95 391144114
90 360747937
118 591498664
86 897058962
78 264361415
113 650401929
109 228088893
111 266140131
79 38248196
85 156969522
106 725378915
103 216233914
116 340600610
98 51336531
105 459891551
111 34009445
115 526023387
99 985875458
88 823708873
86 548345741
103 435452467
108 701323591
106 126604392
96 310779075
105 236109618
83 107255795
105 934166941
104 450173560
111 690328344
108 774522261
91 462878574
113 588866209
90 408125666
95 235132089
89 446029562
98 991474987
102 648981778
104 538192127
85 161308145
98 937975787
89 46403282
101 34557863
77 14748925
96 214411731
95 308729281
90 62414047
91 249602326
108 908104022
103 706426831
90 508771672
97 854443654
88 872700680
110 304190500
91 366632999
113 554937326
104 317675337
105 936923490
88 29458267
120 541531484
111 561798280
76 264100861
94 563566792
106 743137351
101 642940211
99 18871200
103 873751414
90 107223123
107 931328770
115 432907173
105 379818179
99 102804465
92 596081328
98 899345549
101 780960404
111 954277261
100 821220018
106 542221164
100 562884798
98 934890237
117 610270603
90 609626302
99 531352427
93 886914304
130 934466179
103 404747592
103 213187479
106 7811033
111 653277096
110 31511773
102 271900909
100 555578845
105 714706783
104 931154664
88 537494908
102 469456212
102 96602355
99 649540467
98 949894881
118 324108569
92 763287081
101 822542324
110 573178908
106 395556140
93 417384094
94 806616771
93 956228782
94 420910562
104 174335681
94 894197317
109 904796490
84 445857187
117 395595682
105 287354684
97 180533596
117 969744624
105 137179774
100 556426029
86 697746346
88 575908624
94 443909328
97 793126111
85 111652047
106 580445657
110 33544186
94 622767627
110 170777330
120 530017239
109 462534046
91 982396719
97 75159188
106 276979449
110 67585258
96 747285463
95 75502776
100 705284098
111 195741375
105 964846068
87 260297966
83 674741665
96 340679205
108 466997500
107 327909495
91 251572879
90 436429161
108 8192622
114 810889232
106 520564818
85 723960122
112 390332198
123 402801197
96 762190257
107 511885311
99 271246602
84 378953115
104 501400027
118 842987756
114 252310644
106 496863556
118 119169311
93 310352664
99 708353948
99 290469549
103 238626292
90 780435464
109 915640241
101 666771598
101 501809995
106 38067883
102 969842803
90 491942811
93 946347594
92 744386325
115 793588886
109 251120473
89 307053347
98 847346709
100 820142103
95 774136137
111 626191463
112 817596284
103 443889087
108 276009146
95 575173460
102 494234844
102 822988193
95 998510757
85 231586302
95 183945755
95 191030375
116 814931034
111 869619485
73 707144738
97 520646991
76 509076993
108 112891372
103 480138770
95 381166457
104 983303563
87 664817084
90 265232073
109 108438798
107 188310344
95 563632654
104 25340043
100 644979749
106 179801659
102 141190506
102 64110861
115 253096733
120 294855467
99 298589630
110 194978030
102 749277648
97 640317853
93 833487955
103 536535284
81 174850251
103 84315318
110 810353793
95 434815426
103 116696956
95 510966107
110 90305140
112 158754162
110 530693520
83 867850449
102 544774353
94 618523571
101 625481992
89 470431742
111 626832559
107 86639631
90 494605524
120 510833812
92 171935625
96 255149033
98 118186355
82 472060535
102 500400933
107 420424920
91 438300572
95 929112522
96 861395270
78 201425824
114 643353604
104 397437364
99 243510465
113 756450092
87 254909288
92 753413754
108 923971544
115 388938861
103 302710473
100 679712147
91 671043474
85 312122632
84 58700499
96 179591448
103 675465115
107 792799881
94 815240776
116 82154861
103 761483059
78 728994317
96 528379067
92 958100832
103 429799559
94 427381605
94 347591364
89 435462117
110 119974391
108 54138726
97 813804211
98 907437546
104 132397424
90 676857877
93 556938022
102 941584836
97 322431124
98 930647713
115 442421596
98 867546519
90 880280545
104 393371850
91 962558973
100 718493803
95 262077779
104 191003338
97 768017986
102 613138785
112 785119032
97 991821884
110 756390546
131 729139860
91 570942344
90 925810020
95 955726296
114 509769248
119 985540703
111 880156564
100 601992481
88 283994043
108 557048952
103 351808436
97 491862573
98 76722063
99 978765531
117 230803111
113 352452951
99 353703230
91 828124131
104 605537505
98 371933406
93 830284677
97 439583673
90 246067674
101 183537549
83 303513920
98 210435748
108 813658991
110 834943266
91 817093615
120 982725872
98 439768945
106 621213203
114 705563613
94 45165879
96 778415697
95 643872320
116 311129423
99 949020519
104 79424445
84 642099682
101 52011682
109 986333293
86 247879314
90 512639939
92 855457961
94 135161978
99 557222702
81 440009843
120 581309777
100 54773529
99 281848547
111 360848402
121 216844576
103 16327389
100 441002346
86 852272140
93 441401987
102 955686772
93 333191444
112 534018602
113 262139873
100 607244040
101 80496194
114 593088835
104 915319279
90 997053131
103 956982063
93 62965221
99 176567114
105 345773166
91 252162344
102 991493351
108 249685012
100 398034420
104 65013581
104 95955371
95 587103753
95 187169268
102 879161003
94 280896340
95 51688306
109 45374254
101 955672733
97 378807541
104 695396872
110 479669385
88 635925623
95 388620730
101 572314018
102 501990149
89 527551276
87 639860344
110 854119306
102 745864048
103 481016252
104 552699498
92 747364477
87 536218107
124 686354697
106 960121100
118 93046900
112 82950982
113 43154526
98 305905710
99 276954206
72 631745951
105 983678400
104 991769422
82 754907019
109 112442401
101 825460726
109 200412019
100 401694935
90 575595331
107 595975369
93 767682696
101 974938267
112 877698320
102 270247799
97 856253813
103 502867599
82 261722040
102 420113898
102 39148790
97 356912266
99 639908408
114 172666640
108 706815250
107 28928804
114 87481419
90 949353919
98 607079023
112 498890004
92 897924576
87 625788268
96 689026277
109 265012344
97 330284635
99 766276863
110 368599698
98 685913434
99 14303296
106 837741094
115 719550726
98 147593198
92 611710978
99 86089966
112 555922612
91 74959457
87 341342876
92 21108666
109 197018609
89 858982255
92 769374297
99 873732055
111 321450196
88 314910177
97 411516385
113 710250817
95 671266493
98 701205531
93 487016725
111 41710216
100 498343899
97 715350784
109 170452156
110 762090345
90 559129178
122 861183749
100 332868677
89 640927868
111 27030675
114 649675464
103 956234135
112 370153230
115 539424296
97 449566904
121 453069799
125 908231801
90 238743442
84 655020506
96 202674708
82 716802328
89 58017357
109 849337395
111 348179527
107 661187913
137 806950145
94 556771415
91 6111125
105 64794597
94 324554683
103 779794416
113 209729555
98 387725796
98 11071775
99 740332812
88 27025689
96 315010133
106 689637133
99 819460967
104 220342040
112 396304469
103 797264221
91 550725280
87 703049506
107 33957895
108 642310652
96 897513445
97 36551290
101 903814020
111 763249831
96 665994003
111 849825284
110 388781476
83 975669809
96 607036936
107 605217958
89 540372700
87 2171430
92 69735699
97 432494801
113 240694638
109 824372396
116 40407617
106 811889500
110 264986574
105 986043841
112 774357027
96 308189787
108 983612105
105 956314948
90 393272296
105 681426597
97 767414168
106 14712527
93 131063502
87 628870017
76 153539519
96 237339100
115 245431521
96 455114984
101 361512757
102 260650017
103 298220623
113 7294063
110 384850325
101 841589887
83 702265627
109 440696996
107 365146521
114 523490716
89 996989435
103 233186112
89 704727623
122 775732205
105 561777662
102 659654404
113 282773959
75 291717182
108 65480641
93 743769248
93 773390930
107 633498541
108 503709644
103 220851869
93 670759861
99 196449845
91 397077713
101 150551022
89 717274826
81 652625486
90 883355316
98 403775611
105 44457946
96 335856001
111 40271018
115 194384069
96 352367199
81 653197461
107 404620157
110 68327488
105 189880399
98 626831664
103 295007155
100 705007338
104 455499275
95 470279556
81 574812155
96 80982590
105 106125084
85 612299854
79 416612275
100 99748694
95 19761709
91 376343692
101 888052346
104 763687276
80 124038694
105 104545999
89 636232729
93 242408945
85 961578562
102 825533628
94 958524072
105 767185922
84 138586964
107 310656548
91 890488712
104 85743406
94 30235981
93 98704798
106 370886639
110 436561288
89 528316251
95 154225589
90 137437143
104 832704617
89 340324699
106 87749985
80 431093394
97 878519262
112 518534056
106 803552731
121 179121429
106 359020217
102 212479599
107 263197238
105 527768907
98 698071411
100 186610816
91 632702226
105 106362439
90 910203751
85 773879580
106 33844297
104 460197952
89 888148493
100 783475812
98 995566294
108 719354475
86 52003655
100 740204316
121 197800867
97 332209315
107 865903934
102 53510181
106 571269451
85 6712080
101 687846299
99 992450327
86 178298266
117 55302739
119 998775655
102 755928024
104 927096377
99 155616250
104 737086196
79 678279525
95 971493873
104 149370074
123 262589213
100 890974046
101 253490496
109 646039702
115 667729529
95 297553531
101 760974593
91 656724239
90 294379462
87 939009505
102 286504643
80 654416166
94 461332982
89 342838063
111 41368672
102 595620092
111 716258212
84 821478633
107 882720337
113 67338645
94 326530592
118 3947741
107 618048800
97 608630289
121 454307924
98 799396204
99 920503876
105 657926229
106 31980710
108 747450058
106 59964610
110 907555232
95 233394577
85 333492737
95 224682220
116 557476148
119 31161960
91 489258126
114 958613199
110 870515358
105 430730826
100 872311475
92 584428092
98 968259371
105 558632459
118 434458196
107 156950331
94 160590530
103 324303781
99 721306365
94 498074355
90 966396615
109 884149491
100 8845160
94 103678083
96 886255418
101 840437774
85 459727363
92 826657435
102 882279554
105 852604497
96 883942264
84 671031033
97 870854506
106 630837473
93 236421082
97 17746042
93 80453608
108 881468857
96 145380026
99 893947082
92 8602685
104 906357918
103 933269334
124 426630826
100 459386785
90 780190306
103 201916318
78 16925207
71 855565312
86 77933991
109 891116004
100 447766575
105 4717112
91 417707380
107 534746886
104 264572784
86 707606162
93 834040873
92 944283796
102 6307468
115 612295048
106 628074421
103 783586033
106 681327097
103 647123030
84 476725061
100 137991552
104 36767799
100 356620745
69 591968391
79 225154345
86 399661184
92 184657219
98 492311590
107 533457393
110 33826656
111 152866633
109 405068897
96 621269410
103 599403374
87 265718291
96 515929705
87 653546906
97 305144002
114 382498706
108 331215842
93 786184489
117 362307944
98 110238255
109 652921000
108 471753064
96 712224245
100 673192558
95 806278413
85 610014567
112 346652816
122 597816774
118 418209932
115 291561279
93 208075881
100 897687123
116 156604390
107 939169059
114 659161740
108 360689756
98 80507381
103 609347996
85 574465942
94 614116150
85 88767555
103 986453690
91 905495818
84 613430003
98 586691286
91 755677728
102 202603276
101 764602411
103 871116968
89 422012355
99 47712573
86 282292411
109 353257863
85 143830279
106 796138834
110 421329391
93 163004216
94 163720025
91 201039596
90 183727766
113 757034358
94 394675886
102 33259490
105 158710557
108 833993441
102 59441546
93 333905401
85 949660701
97 26157247
87 780049254
94 203846507
101 518670719
107 618654079
107 824266146
96 251434037
101 205569350
127 824924489
78 427187951
85 798467825
101 822823735
95 295559485
98 390669306
84 779379247
108 885124863
109 706469649
93 447388225
107 668287586
118 129543011
94 677052
108 36197717
91 771905270
98 841617188
74 770077588
93 949103023
94 900336554
98 155054086
112 862808658
92 859800853
99 690807441
93 841936080
118 574111603
101 730872334
100 601131624
83 514864416
95 845248970
117 8764335
114 548856594
97 475205612
98 937002726
103 677839971
108 650377847
100 931638620
86 339674564
91 5650204
101 852229809
106 582598041
113 111191229
103 67794260
104 876048580
97 789953253
104 139294652
106 314057462
84 422618542
105 368804883
89 619888657
99 917222056
86 210449755
100 121752323
111 810139339
88 685810903
98 884705595
98 909372775
98 469101547
71 878649992
110 444662071
100 899157735
93 683493202
95 761545349
109 340959843
98 199267551
107 26202679
100 137966755
88 44927198
92 855950500
98 747527265
114 261872692
107 838881486
104 833082466
97 455448500
102 700346957
102 475538322
103 218298130
108 424710710
99 477219987
99 498709054
113 779089756
101 668752541
89 662645591
101 292292276
126 309433506
97 34767224
90 596043078
99 694159934
95 678541108
117 193353117
113 751957019
104 705880519
110 454032910
98 3050430
109 261526361
103 883785955
106 700455204
115 937774639
87 924414229
97 989691190
94 557934043
91 916037142
106 928823605
98 494093737
104 248352613
95 803149088
97 604502986
98 444918031
106 784389714
101 943001854
112 184034430
99 449151687
110 556635803
95 226570713
94 467555566
105 692240069
103 447076741
106 341301813
98 286433535
117 941396224
105 718253830
111 760337037
87 924583071
114 394318457
100 228500225
89 745273860
108 541779314
113 242696947
82 125329687
87 217150942
109 62669925
117 492169734
91 265528188
99 968411037
103 311068988
101 401452012
100 411552663
99 906285669
114 34735071
85 9643643
118 139015004
89 15172470
83 358303142
100 880660378
101 793186260
105 327900383
106 588831389
101 788872098
104 45826201
95 875749857
96 193103836
107 153974657
91 251639524
101 632478965
107 855755582
99 807466679
111 935713537
84 704726254
90 281995893
103 647142788
94 121929536
85 274478145
94 336657121
93 455336445
99 577262976
108 653937810
99 657993209
82 715814010
103 102924499
109 24028817
88 433863463
110 413559254
85 697995025
92 863341198
99 269773210
91 440779121
79 257881854
90 637308782
82 225529861
106 223872778
0 0
0 0
0 0
0 0
0 0
0 0
0 0
0 0
0 0
0 0
0 0
0 0
0 0
0 0
0 0
0 0
0 0
0 0
0 0
0 0
0 0
0 0
0 0
0 0
0 0
0 0
0 0
0 0
0 0
0 0
0 0
0 0
0 0
0 0
0 0
0 0
0 0
0 0
0 0
0 0
0 0
0 0
0 0
0 0
0 0
0 0
0 0
0 0
0 0
0 0
0 0
0 0
0 0
0 0
0 0
0 0
0 0
0 0
0 0
0 0
0 0
0 0
0 0
0 0
0 0
0 0
0 0
0 0
0 0
0 0
0 0
0 0
0 0
0 0
0 0
0 0
0 0
0 0
0 0
0 0
0 0
0 0
0 0
0 0
0 0
0 0
0 0
0 0
0 0
0 0
0 0
0 0
0 0
0 0
0 0
0 0
0 0
0 0
0 0
0 0
0 0
0 0
0 0
0 0
0 0
0 0
0 0
0 0
0 0
0 0
0 0
0 0
0 0
0 0
0 0
0 0
0 0
0 0
0 0
0 0
0 0
0 0
0 0
0 0
0 0
0 0
0 0
0 0
0 0
0 0
0 0
0 0
0 0
0 0
0 0
0 0
0 0
0 0
0 0
0 0
0 0
0 0
0 0
0 0
0 0
0 0
0 0
0 0
0 0
0 0
0 0
0 0
0 0
0 0
0 0
0 0
0 0
0 0
0 0
0 0
0 0
0 0
0 0
0 0
0 0
0 0
0 0
0 0
0 0
0 0
0 0
0 0
0 0
0 0
0 0
0 0
0 0
0 0
0 0
0 0
0 0
0 0
0 0
0 0
0 0
0 0
0 0
0 0
0 0
0 0
0 0
0 0
0 0
0 0
0 0
0 0
0 0
0 0
0 0
0 0
0 0
0 0
0 0
0 0
0 0
0 0
0 0
0 0
0 0
0 0
0 0
0 0
0 0
0 0
0 0
0 0
0 0
0 0
0 0
0 0
0 0
0 0
0 0
0 0
0 0
0 0
0 0
0 0
0 0
0 0
0 0
0 0
0 0
0 0
0 0
0 0
0 0
0 0
0 0
0 0
0 0
0 0
0 0
0 0
0 0
0 0
0 0
0 0
0 0
0 0
0 0
0 0
0 0
0 0
0 0
0 0
0 0
0 0
0 0
0 0
0 0
0 0
0 0
0 0
0 0
0 0
0 0
0 0
0 0
0 0
0 0
0 0
0 0
0 0
0 0
0 0
0 0
0 0
0 0
0 0
0 0
0 0
0 0
0 0
0 0
0 0
0 0
0 0
0 0
0 0
0 0
0 0
0 0
0 0
0 0
0 0
0 0
0 0
0 0
0 0
0 0
0 0
0 0
0 0
0 0
0 0
0 0
0 0
0 0
0 0
0 0
0 0
0 0
0 0
0 0
0 0
0 0
0 0
0 0
0 0
0 0
0 0
0 0
0 0
0 0
0 0
0 0
0 0
0 0
0 0
0 0
0 0
0 0
0 0
0 0
0 0
0 0
0 0
0 0
0 0
0 0
0 0
0 0
0 0
0 0
0 0
0 0
0 0
0 0
0 0
0 0
0 0
0 0
0 0
0 0
0 0
0 0
0 0
0 0
0 0
0 0
0 0
0 0
0 0
0 0
0 0
0 0
0 0
0 0
0 0
0 0
0 0
0 0
0 0
0 0
0 0
0 0
0 0
0 0
0 0
0 0
0 0
0 0
0 0
0 0
0 0
0 0
0 0
0 0
0 0
0 0
0 0
0 0
0 0
0 0
0 0
0 0
0 0
0 0
0 0
0 0
0 0
0 0
0 0
0 0
0 0
0 0
0 0
0 0
0 0
0 0
0 0
0 0
0 0
0 0
0 0
0 0
0 0
0 0
0 0
0 0
0 0
0 0
0 0
0 0
0 0
0 0
0 0
0 0
0 0
0 0
0 0
0 0
0 0
0 0
0 0
0 0
0 0
0 0
0 0
0 0
0 0
0 0
0 0
0 0
0 0
0 0
0 0
0 0
0 0
0 0
0 0
0 0
0 0
0 0
0 0
0 0
0 0
0 0
0 0
0 0
0 0
0 0
0 0
0 0
0 0
0 0
0 0
0 0
0 0
0 0
0 0
0 0
0 0
0 0
0 0
0 0
0 0
0 0
0 0
0 0
0 0
0 0
0 0
0 0
0 0
0 0
0 0
0 0
0 0
0 0
0 0
0 0
0 0
0 0
0 0
0 0
0 0
0 0
0 0
0 0
0 0
0 0
0 0
0 0
0 0
0 0
0 0
0 0
0 0
0 0
0 0
0 0
0 0
0 0
0 0
0 0
0 0
0 0
0 0
0 0
0 0
0 0
0 0
0 0
0 0
0 0
0 0
0 0
0 0
0 0
0 0
0 0
0 0
0 0
0 0
0 0
0 0
0 0
0 0
0 0
0 0
0 0
0 0
0 0
0 0
0 0
0 0
0 0
0 0
0 0
0 0
0 0
0 0
0 0
0 0
0 0
0 0
0 0
0 0
0 0
0 0
0 0
0 0
0 0
0 0
0 0
0 0
0 0
0 0
0 0
0 0
0 0
0 0
0 0
0 0
0 0
0 0
0 0
0 0
0 0
0 0
0 0
0 0
0 0
0 0
0 0
0 0
0 0
0 0
0 0
0 0
0 0
0 0
0 0
0 0
0 0
0 0
0 0
0 0
0 0
0 0
0 0
0 0
0 0
0 0
0 0
0 0
0 0
0 0
0 0
0 0
0 0
0 0
0 0
0 0
0 0
0 0
0 0
0 0
0 0
0 0
0 0
0 0
0 0
0 0
0 0
0 0
0 0
0 0
0 0
0 0
0 0
0 0
0 0
0 0
0 0
0 0
0 0
0 0
0 0
0 0
0 0
0 0
0 0
0 0
0 0
0 0
0 0
0 0
0 0
0 0
0 0
0 0
0 0
0 0
0 0
0 0
0 0
0 0
0 0
0 0
0 0
0 0
0 0
0 0
0 0
0 0
0 0
0 0
0 0
0 0
0 0
0 0
0 0
0 0
0 0
0 0
0 0
0 0
0 0
0 0
0 0
0 0
0 0
0 0
0 0
0 0
0 0
0 0
0 0
0 0
0 0
0 0
0 0
0 0
0 0
0 0
0 0
0 0
0 0
0 0
0 0
0 0
0 0
0 0
0 0
0 0
0 0
0 0
0 0
0 0
0 0
0 0
0 0
0 0
0 0
0 0
0 0
0 0
0 0
0 0
0 0
0 0
0 0
0 0
0 0
0 0
0 0
0 0
0 0
0 0
0 0
0 0
0 0
0 0
0 0
0 0
0 0
0 0
0 0
0 0
0 0
0 0
0 0
0 0
0 0
0 0
0 0
0 0
0 0
0 0
0 0
0 0
0 0
0 0
0 0
0 0
0 0
0 0
0 0
0 0
0 0
0 0
0 0
0 0
0 0
0 0
0 0
0 0
0 0
0 0
0 0
0 0
0 0
0 0
0 0
0 0
0 0
0 0
0 0
0 0
0 0
0 0
0 0
0 0
0 0
0 0
0 0
0 0
0 0
0 0
0 0
0 0
0 0
0 0
0 0
0 0
0 0
0 0
0 0
0 0
0 0
0 0
0 0
0 0
0 0
0 0
0 0
0 0
0 0
0 0
0 0
0 0
0 0
0 0
0 0
0 0
0 0
0 0
0 0
0 0
0 0
0 0
0 0
0 0
0 0
0 0
0 0
0 0
0 0
0 0
0 0
0 0
0 0
0 0
0 0
0 0
0 0
0 0
0 0
0 0
0 0
0 0
0 0
0 0
0 0
0 0
0 0
0 0
0 0
0 0
0 0
0 0
0 0
0 0
0 0
0 0
0 0
0 0
0 0
0 0
0 0
0 0
0 0
0 0
0 0
0 0
0 0
0 0
0 0
0 0
0 0
0 0
0 0
0 0
0 0
0 0
0 0
0 0
0 0
0 0
0 0
0 0
0 0
0 0
0 0
0 0
0 0
0 0
0 0
0 0
0 0
0 0
0 0
0 0
0 0
0 0
0 0
0 0
0 0
0 0
0 0
0 0
0 0
0 0
0 0
0 0
0 0
0 0
0 0
0 0
0 0
0 0
0 0
0 0
0 0
0 0
0 0
0 0
0 0
0 0
0 0
0 0
0 0
0 0
0 0
0 0
0 0
0 0
0 0
0 0
0 0
0 0
0 0
0 0
0 0
0 0
0 0
0 0
0 0
0 0
0 0
0 0
0 0
0 0
0 0
0 0
0 0
0 0
0 0
0 0
0 0
0 0
0 0
0 0
0 0
0 0
0 0
0 0
0 0
0 0
0 0
0 0
0 0
0 0
0 0
0 0
0 0
0 0
0 0
0 0
0 0
0 0
0 0
0 0
0 0
0 0
0 0
0 0
0 0
0 0
0 0
0 0
0 0
0 0
0 0
0 0
0 0
0 0
0 0
0 0
0 0
0 0
0 0
0 0
0 0
0 0
0 0
0 0
0 0
0 0
0 0
0 0
0 0
0 0
0 0
0 0
0 0
0 0
0 0
0 0
0 0
0 0
0 0
0 0
0 0
0 0
0 0
0 0
0 0
0 0
0 0
0 0
0 0
0 0
0 0
0 0
0 0
0 0
0 0
0 0
0 0
0 0
0 0
0 0
0 0
0 0
0 0
0 0
0 0
0 0
0 0
0 0
0 0
0 0
0 0
0 0
0 0
0 0
0 0
0 0
0 0
0 0
0 0
0 0
0 0
0 0
0 0
0 0
0 0
0 0
0 0
0 0
0 0
0 0
0 0
0 0
0 0
0 0
0 0
0 0
0 0
0 0
0 0
0 0
0 0
0 0
0 0
0 0
0 0
0 0
0 0
0 0
0 0
0 0
0 0
0 0
0 0
0 0
0 0
0 0
0 0
0 0
0 0
0 0
0 0
0 0
0 0
0 0
0 0
0 0
0 0
0 0
0 0
0 0
0 0
0 0
0 0
0 0
0 0
0 0
0 0
0 0
0 0
0 0
0 0
0 0
0 0
0 0
0 0
0 0
0 0
0 0
0 0
0 0
0 0
0 0
0 0
0 0
0 0
0 0
0 0
0 0
0 0
0 0
0 0
0 0
0 0
0 0
0 0
0 0
0 0
0 0
0 0
0 0
0 0
0 0
0 0
0 0
0 0
0 0
0 0
0 0
0 0
0 0
0 0
0 0
0 0
0 0
0 0
0 0
0 0
0 0
0 0
0 0
0 0
0 0
0 0
0 0
0 0
0 0
0 0
0 0
0 0
0 0
0 0
0 0
0 0
0 0
0 0
0 0
0 0
0 0
0 0
0 0
0 0
0 0
0 0
0 0
0 0
0 0
0 0
0 0
0 0
0 0
0 0
0 0
0 0
0 0
0 0
0 0
0 0
0 0
0 0
0 0
0 0
0 0
0 0
0 0
0 0
0 0
0 0
0 0
0 0
0 0
0 0
0 0
0 0
0 0
0 0
0 0
0 0
0 0
0 0
0 0
0 0
0 0
0 0
0 0
0 0
0 0
0 0
0 0
0 0
0 0
0 0
0 0
0 0
0 0
0 0
0 0
0 0
0 0
0 0
0 0
0 0
0 0
0 0
0 0
0 0
0 0
0 0
0 0
0 0
0 0
0 0
0 0
0 0
0 0
0 0
0 0
0 0
0 0
0 0
0 0
0 0
0 0
0 0
0 0
0 0
0 0
0 0
0 0
0 0
0 0
0 0
0 0
0 0
0 0
0 0
0 0
0 0
0 0
0 0
0 0
0 0
0 0
0 0
0 0
0 0
0 0
0 0
0 0
0 0
0 0
0 0
0 0
0 0
0 0
0 0
0 0
0 0
0 0
0 0
0 0
0 0
0 0
0 0
0 0
0 0
0 0
0 0
0 0
0 0
0 0
0 0
0 0
0 0
0 0
0 0
0 0
0 0
0 0
0 0
0 0
0 0
0 0
0 0
0 0
0 0
0 0
0 0
0 0
0 0
0 0
0 0
0 0
0 0
0 0
0 0
0 0
0 0
0 0
0 0
0 0
0 0
0 0
0 0
0 0
0 0
0 0
0 0
0 0
0 0
0 0
0 0
0 0
0 0
0 0
0 0
0 0
0 0
0 0
0 0
0 0
0 0
0 0
0 0
0 0
0 0
0 0
0 0
0 0
0 0
0 0
0 0
0 0
0 0
0 0
0 0
0 0
0 0
0 0
0 0
0 0
0 0
0 0
0 0
0 0
0 0
0 0
0 0
0 0
0 0
0 0
0 0
0 0
0 0
0 0
0 0
0 0
0 0
0 0
0 0
0 0
0 0
0 0
0 0
0 0
0 0
0 0
0 0
0 0
0 0
0 0
0 0
0 0
0 0
0 0
0 0
0 0
0 0
0 0
0 0
0 0
0 0
0 0
0 0
0 0
0 0
0 0
0 0
0 0
0 0
0 0
0 0
0 0
0 0
0 0
0 0
0 0
0 0
0 0
0 0
0 0
0 0
0 0
0 0
0 0
0 0
0 0
0 0
0 0
0 0
0 0
0 0
0 0
0 0
0 0
0 0
0 0
0 0
0 0
0 0
0 0
0 0
0 0
0 0
0 0
0 0
0 0
0 0
0 0
0 0
0 0
0 0
0 0
0 0
0 0
0 0
0 0
0 0
0 0
0 0
0 0
0 0
0 0
0 0
0 0
0 0
0 0
0 0
0 0
0 0
0 0
0 0
0 0
0 0
0 0
0 0
0 0
0 0
0 0
0 0
0 0
0 0
0 0
0 0
0 0
0 0
0 0
0 0
0 0
0 0
0 0
0 0
0 0
0 0
0 0
0 0
0 0
0 0
0 0
0 0
0 0
0 0
0 0
0 0
0 0
0 0
0 0
0 0
0 0
0 0
0 0
0 0
0 0
0 0
0 0
0 0
0 0
0 0
0 0
0 0
0 0
0 0
0 0
0 0
0 0
0 0
0 0
0 0
0 0
0 0
0 0
0 0
0 0
0 0
0 0
0 0
0 0
0 0
0 0
0 0
0 0
0 0
0 0
0 0
0 0
0 0
0 0
0 0
0 0
0 0
0 0
0 0
0 0
0 0
0 0
0 0
0 0
0 0
0 0
0 0
0 0
0 0
0 0
0 0
0 0
0 0
0 0
0 0
0 0
0 0
0 0
0 0
0 0
0 0
0 0
0 0
0 0
0 0
0 0
0 0
0 0
0 0
0 0
0 0
0 0
0 0
0 0
0 0
0 0
0 0
0 0
0 0
0 0
0 0
0 0
0 0
0 0
0 0
0 0
0 0
0 0
0 0
0 0
0 0
0 0
0 0
0 0
0 0
0 0
0 0
0 0
0 0
0 0
0 0
0 0
0 0
0 0
0 0
0 0
0 0
0 0
0 0
0 0
0 0
0 0
0 0
0 0
0 0
0 0
0 0
0 0
0 0
0 0
0 0
0 0
0 0
0 0
0 0
0 0
0 0
0 0
0 0
0 0
0 0
0 0
0 0
0 0
0 0
0 0
0 0
0 0
0 0
0 0
0 0
0 0
0 0
0 0
0 0
0 0
0 0
0 0
0 0
0 0
0 0
0 0
0 0
0 0
0 0
0 0
0 0
0 0
0 0
0 0
0 0
0 0
0 0
0 0
0 0
0 0
0 0
0 0
0 0
0 0
0 0
0 0
0 0
0 0
0 0
0 0
0 0
0 0
0 0
0 0
0 0
0 0
0 0
0 0
0 0
0 0
0 0
0 0
0 0
0 0
0 0
0 0
0 0
0 0
0 0
0 0
0 0
0 0
0 0
0 0
0 0
0 0
0 0
0 0
0 0
0 0
0 0
0 0
0 0
0 0
0 0
0 0
0 0
0 0
0 0
0 0
0 0
0 0
0 0
0 0
0 0
0 0
0 0
0 0
0 0
0 0
0 0
0 0
0 0
0 0
0 0
0 0
0 0
0 0
0 0
0 0
0 0
0 0
0 0
0 0
0 0
0 0
0 0
0 0
0 0
0 0
0 0
0 0
0 0
0 0
0 0
0 0
0 0
0 0
0 0
0 0
0 0
0 0
0 0
0 0
0 0
0 0
0 0
0 0
0 0
0 0
0 0
0 0
0 0
0 0
0 0
0 0
0 0
0 0
0 0
0 0
0 0
0 0
0 0
0 0
0 0
0 0
0 0
0 0
0 0
0 0
0 0
0 0
0 0
0 0
0 0
0 0
0 0
0 0
0 0
0 0
0 0
0 0
0 0
0 0
0 0
0 0
0 0
0 0
0 0
0 0
0 0
0 0
0 0
0 0
0 0
0 0
0 0
0 0
0 0
0 0
0 0
0 0
0 0
0 0
0 0
0 0
0 0
0 0
0 0
0 0
0 0
0 0
0 0
0 0
0 0
0 0
0 0
0 0
0 0
0 0
0 0
0 0
0 0
0 0
0 0
0 0
0 0
0 0
0 0
0 0
0 0
0 0
0 0
0 0
0 0
0 0
0 0
0 0
0 0
0 0
0 0
0 0
0 0
0 0
0 0
0 0
0 0
0 0
0 0
0 0
0 0
0 0
0 0
0 0
0 0
0 0
0 0
0 0
0 0
0 0
0 0
0 0
0 0
0 0
0 0
0 0
0 0
0 0
0 0
0 0
0 0
0 0
0 0
0 0
0 0
0 0
0 0
0 0
0 0
0 0
0 0
0 0
0 0
0 0
0 0
0 0
0 0
0 0
0 0
0 0
0 0
0 0
0 0
0 0
0 0
0 0
0 0
0 0
0 0
0 0
0 0
0 0
0 0
0 0
0 0
0 0
0 0
0 0
0 0
0 0
0 0
0 0
0 0
0 0
0 0
0 0
0 0
0 0
0 0
0 0
0 0
0 0
0 0
0 0
0 0
0 0
0 0
0 0
0 0
0 0
0 0
0 0
0 0
0 0
0 0
0 0
0 0
0 0
0 0
0 0
0 0
0 0
0 0
0 0
0 0
0 0
