2000
1916 800162408
1887 106034843
1892 737486185
1906 38723069
1917 452029190
1880 12262991
1913 719871045
1882 270579734
1899 780644304
1904 258599311
1901 823004872
1899 896304877
1896 398820373
1904 598042452
1918 737701949
1890 654826159
1891 321005814
1911 284464288
1895 756922354
1915 141695070
1909 640138414
1896 954082246
1910 483395778
1894 238917101
1902 287593736
1892 681572245
1903 378948449
1899 642810288
1898 450139799
1908 258983934
1902 716276265
1904 214709679
1890 67404596
1898 194431420
1886 289188709
1903 247954617
1899 348735465
1887 815071205
1915 533445744
1890 341193526
1905 116577104
1885 921734806
1906 879547502
1918 745189865
1862 684884641
1917 424820525
1922 981371410
1893 394854943
1892 502145576
1895 839905551
1873 167828062
1903 677256044
1882 71786212
1910 211626307
1896 247310050
1907 223388036
1904 813187484
1883 798999989
1904 468838060
1899 742473332
1899 954991783
1906 618701151
1901 150084995
1883 784132498
1885 991609319
1899 813859994
1901 56459154
1900 580243885
1909 454552408
1902 134717242
1883 717661856
1886 215541847
1906 45173842
1908 889915202
1905 40649673
1896 623094158
1915 958736771
1899 410742561
1909 461305631
1897 768141373
1900 686192928
1896 455138325
1897 87598237
1890 852068481
1911 350299919
1905 627467194
1903 204632497
1901 818225259
1899 155476154
1913 609027544
1904 270321233
1906 724967966
1914 612501287
1918 12517871
1896 923005313
1909 343003242
1897 260232219
1887 843361330
1904 793484666
1912 507360905
1904 698782858
1906 924776594
1919 342892918
1904 256605921
1900 553298169
1897 54473199
1882 383416597
1905 8751584
1895 218064167
1907 893580704
1891 259584489
1879 625489003
1883 779255131
1905 812617549
1902 780836165
1904 162232837
1884 613907894
1907 966769793
1904 167820513
1907 314494758
1882 428798251
1904 344022273
1888 603926026
1903 690381439
1895 68260634
1916 226951355
1904 666650528
1876 76361170
1896 697590043
1901 635031829
1878 909938983
1887 70230035
1886 105321117
1900 385285802
1898 647505327
1894 150108164
1906 720820771
1913 288664833
1898 171438737
1908 707505452
1888 288984546
1890 389965884
1893 998771895
1900 930943625
1889 611866729
1900 126100132
1896 750866920
1891 730789296
1902 670039098
1881 951641296
1911 843678224
1905 929641905
1913 494099393
1901 561554459
1896 364081695
1897 315419518
1898 77697163
1900 831737918
1890 279357093
1905 725690711
1909 5534028
1909 46269484
1888 889440935
1906 51800066
1886 22670992
1900 491087598
1890 222448119
1908 912576455
1904 332929973
1898 576601471
1896 124722632
1900 304125322
1887 627940714
1913 634625342
1898 656890189
1887 114756130
1878 777868248
1892 156269983
1907 192677425
1905 546706180
1909 206976314
1914 53530825
1896 225675315
1896 295997693
1906 168996438
1884 716387073
1901 788496825
1890 162554269
1908 387616536
1910 343288284
1897 290101158
1910 685641921
1892 529971604
1891 28654296
1899 792791758
1913 681373749
1906 667694236
1883 560335565
1900 340287024
1893 394180006
1904 227519033
1898 386284
1903 139418611
1904 312787558
1905 471845481
1889 629042057
1916 495649675
1883 424951819
1919 555527869
1900 517168667
1884 431542664
1914 724997223
1920 158365882
1897 219429690
1880 71312358
1921 655808699
1909 239070071
1905 48481979
1898 111721152
1897 101812558
1902 674560553
1896 415393481
1901 905010011
1902 151681039
1897 354940129
1907 189244075
1886 895442045
1898 175478330
1896 176971621
1886 13094937
1896 913373000
1901 79622741
1904 476495468
1913 604619807
1921 652560545
1911 258829948
1883 513033720
1894 242140233
1903 490473735
1901 320161630
1903 562517022
1909 561543842
1919 569562391
1909 884537427
1896 186792883
1902 589812262
1907 102913127
1912 765061822
1883 3536881
1912 420642541
1902 94208758
1901 88180379
1896 494214609
1909 708444252
1912 531136131
1888 824441253
1894 175405190
1899 624765005
1895 47604793
1913 412142984
1907 656921412
1893 71856230
1918 117885881
1914 720441921
1900 459753845
1892 720203790
1907 467940458
1891 618502602
1889 301142323
1880 265762812
1903 355918607
1892 495296272
1907 223168081
1914 531861283
1900 707061349
1895 406627696
1899 580656828
1907 846623719
1889 836599812
1902 84281628
1897 317487365
1886 56064939
1903 436377039
1890 899763978
1888 280377024
1880 954896009
1915 523629751
1900 620544272
1896 374245264
1906 503164446
1895 306324655
1912 309848508
1915 322390862
1917 147520764
1912 3087609
1894 215106980
1904 338845819
1892 325960275
1890 792083723
1896 635937996
1908 557065579
1886 471448608
1922 898353535
1900 143652660
1889 246059793
1889 383238418
1900 449267302
1906 307725371
1908 362256281
1897 227266951
1897 252009251
1889 482261986
1891 770937610
1886 956078715
1895 566196493
1910 586005346
1891 992115536
1887 410385363
1873 325811384
1915 544104681
1890 518143274
1890 229883600
1885 955776693
1892 591770180
1892 427260353
1904 679898033
1899 196472191
1886 510769350
1895 497813527
1908 48037138
1895 626537318
1905 287923311
1890 392209658
1905 467817866
1895 608764935
1883 925694148
1895 591367045
1905 546079259
1882 171588080
1893 543939849
1924 476179568
1903 720393936
1895 942232799
1900 780614292
1881 895700805
1908 498460198
1886 707666262
1882 280231412
1885 779865821
1894 415032626
1907 361790605
1910 157330834
1907 372587818
1902 260274788
1898 49165107
1891 839535430
1910 559474492
1886 147224944
1918 33931777
1910 134558044
1899 498796619
1896 436212862
1911 248652173
1893 323492088
1907 415495396
1900 21319720
1899 813932628
1896 514477732
1898 768554162
1893 782521868
1915 154271149
1900 515539116
1896 3430063
1890 789668258
1899 105233472
1902 471709842
1904 909262684
1888 491603323
1904 38796128
1902 215726932
1893 842906406
1891 93154061
1908 749986938
1897 369622229
1892 759402236
1909 848413109
1885 613222300
1903 481536992
1902 914551546
1879 78447743
1891 460803129
1907 914676641
1897 811102097
1900 677072443
1902 209050442
1911 22585863
1898 242945167
1893 112089562
1884 882092924
1908 563104262
1917 500257715
1909 281897671
1907 568213504
1890 804017202
1898 473102639
1899 379337360
1890 195199361
1896 416423110
1901 594917277
1900 107739978
1917 591926489
1892 700479715
1898 549539631
1903 681166418
1887 350928796
1898 679442671
1889 554173899
1907 617646081
1896 772022881
1882 132872825
1904 774294055
1915 734546876
1900 649730633
1894 800779338
1907 360218706
1899 816887443
1895 85376142
1906 269865167
1902 775188460
1897 429694259
1911 477873692
1907 287290773
1904 950479410
1899 514213590
1905 672874518
1905 722842625
1900 453840581
1904 23623596
1907 600267161
1886 206209987
1904 780558068
1902 709271331
1904 293154197
1905 638657459
1907 958709542
1897 102455124
1890 488277471
1889 983770662
1899 453641659
1902 443990376
1900 271222400
1907 674857256
1905 336778430
1893 453834013
1888 542320460
1908 441949541
1908 757775656
1893 919588618
1908 448773973
1896 213422275
1913 841273160
1894 25709543
1894 852129765
1902 724289929
1906 402497731
1895 610344447
1910 129032594
1895 514181003
1889 300902472
1892 524375096
1910 554671945
1889 744104568
1895 724985514
1891 249664072
1909 288481660
1912 80494402
1903 256271909
1907 808954180
1897 898727341
1891 404047531
1909 718759847
1904 849020641
1911 987692030
1900 512419993
1908 873265827
1890 763313585
1876 299841839
1916 984000014
1887 37657838
1926 426795834
1892 629652040
1897 552998148
1898 396481920
1896 412357576
1892 668742157
1899 572600508
1887 817405067
1888 141713938
1892 866582701
1884 115183163
1891 243861017
1902 17520746
1895 565649424
1891 689474322
1917 136514436
1890 684013129
1892 280149951
1893 666896059
1901 281387368
1891 686020555
1921 926199341
1920 41307679
1918 350615300
1913 484014734
1903 863622739
1893 387278467
1901 630209408
1902 185298687
1906 403630415
1904 792491145
1881 561191395
1908 515093516
1896 316275164
1891 377421349
1897 92904749
1885 56437963
1893 823101724
1911 702101064
1918 719944250
1887 48120049
1888 553076463
1912 143656863
1908 425693949
1911 295662891
1899 226911134
1901 853742711
1911 724714240
1911 95485476
1892 721540841
1899 501745438
1910 867535689
1886 914085324
1917 265340755
1893 963005201
1903 663780088
1907 195527960
1885 785043720
1901 570391222
1898 56362553
1909 44173886
1902 990709373
1911 439516485
1912 117651634
1894 278457827
1887 514473742
1897 320419572
1897 424559446
1891 607477204
1899 151208684
1911 566919767
1893 984899578
1896 862627385
1906 183857698
1893 333616533
1911 327316130
1910 634202931
1892 544415623
1888 925751002
1903 415290228
1908 738066809
1903 259860445
1890 202674726
1886 968301102
1920 726793388
1899 418500857
1902 955258874
1899 723795955
1903 261937611
1893 291332173
1905 592180241
1895 620147628
1891 871165086
1907 454386864
1913 444332277
1882 948007516
1887 693809734
1887 842857750
1901 142438525
1891 565169051
1906 236550274
1895 888803654
1883 618830607
1909 817310399
1906 682012631
1896 212533997
1898 562705960
1910 584941392
1892 728154747
1900 886056838
1888 695005157
1899 490307085
1899 334717550
1898 303913404
1901 666327645
1920 152537413
1886 925663035
1902 360378835
1889 245921788
1899 264865667
1900 129252237
1887 156428122
1894 995550849
1885 20593332
1889 851696363
1896 822173640
1902 936311479
1904 918579447
1906 524497369
1913 17524938
1907 30983496
1902 166672994
1902 200712200
1894 367692261
1902 579616126
1913 595867819
1904 59776043
1901 128481474
1904 594087994
1908 216481400
1901 215783488
1902 142589201
1896 661365443
1890 416023073
1901 738373060
1914 919978001
1906 822363260
1887 644568184
1899 59056727
1891 982832880
1905 289373808
1907 166883474
1904 735499605
1911 540054949
1897 733247699
1898 923140788
1897 800850578
1898 673872692
1912 818551086
1903 780167229
1894 736563261
1917 898348704
1900 895383823
1901 740037400
1897 755023997
1894 839288175
1904 858219435
1909 29852533
1897 939440437
1902 663554196
1908 521483475
1902 444257239
1901 292530360
1908 474867958
1893 475863089
1897 796380289
1907 937628816
1899 79537701
1889 768948173
1884 217420290
1903 230258664
1898 446906894
1878 100454276
1885 516594522
1890 359994544
1884 717890999
1906 303698711
1904 626283898
1896 489872920
1906 921667948
1893 592462751
1887 165686038
1899 723442812
1911 108880306
1883 948545765
1906 80219706
1889 984799746
1906 868826170
1915 620502191
1906 167563945
1889 130033987
1905 717589484
1905 629279618
1901 885213901
1890 361408676
1899 373165344
1905 674060979
1916 407635433
1891 53189560
1887 607469725
1906 880899791
1900 311842462
1905 911642777
1891 913550299
1908 171097341
1899 30631835
1880 529127404
1922 653005691
1886 880131196
1895 971282109
1892 549684725
1898 957107406
1909 521315278
1894 254633347
1884 969866346
1912 31564149
1918 624333657
1892 711692749
1904 201155600
1906 357678045
1903 602056944
1900 367571760
1892 442275095
1899 349872281
1890 392747498
1907 591931731
1882 517688771
1896 878308440
1903 888450492
1895 185089971
1911 876043903
1898 704529327
1898 236062685
1891 467327759
1889 313348415
1903 856365369
1898 331384350
1903 196365042
1897 239641180
1901 919988168
1904 706890117
1903 283571090
1892 978470425
1878 927869324
1903 428682042
1888 616914885
1904 617116588
1892 80842348
1887 737704954
1894 404885353
1892 466171188
1900 771319611
1902 44075477
1901 271633145
1911 79294668
1904 438853332
1912 462958158
1909 272535459
1898 176406700
1893 325899301
1899 599629748
1907 467530063
1896 913986562
1896 806758336
1911 828828474
1907 737182599
1884 534591938
1903 699917839
1901 867369634
1898 958679862
1909 459257681
1879 48686283
1893 404050377
1886 599427494
1895 230972312
1895 751465058
1898 573333283
1906 26075159
1910 216377299
1896 890376690
1877 178015965
1908 926872221
1905 106734825
1891 468415542
1896 473456156
1900 366040119
1910 681226635
1908 743321261
1908 6619217
1894 239815073
1907 802669426
1905 486986231
1889 836430291
1886 99026227
1912 666625016
1906 898378539
1902 28549962
1892 13477686
1904 304651356
1895 515064674
1908 128775644
1917 19084663
1891 412120907
1895 829853034
1893 473445200
1895 949569265
1894 762842318
1892 992799171
1902 182238225
1901 388112555
1891 803229673
1907 649313954
1910 395242463
1895 558165099
1909 158774971
1904 565290847
1891 849653503
1910 185167743
1899 747580648
1893 822570688
1916 717936314
1890 837879628
1903 383704973
1894 169308986
1893 341881534
1891 875833265
1908 999063666
1905 369552752
1885 316068809
1888 334900563
1886 687477869
1885 27665422
1891 252421919
1894 284981013
1884 806690850
1887 584285873
1908 284338001
1900 222383426
1887 95911427
1897 519910156
1908 41520215
1907 526721597
1890 780622573
1881 513929028
1898 280132356
1898 55205255
1897 912447622
1897 848815663
1893 763094312
1895 248367064
1885 866512861
1898 708182556
1907 803437669
1897 283766978
1899 362542100
1888 79801377
1896 131703102
1911 482227637
1887 76100345
1904 534875760
1898 389791659
1884 515758974
1910 724926849
1891 392820446
1913 645695711
1900 573736495
1896 72595683
1900 716157533
1915 771678765
1909 874927538
1898 845736395
1895 644040977
1897 994220592
1885 839604835
1896 858023612
1907 622829562
1896 486796388
1911 507141244
1892 662506878
1884 115095086
1885 455609782
1878 863259967
1888 945864384
1892 463820946
1912 552008271
1905 843638442
1899 567302136
1907 336832924
1892 484360523
1887 147128959
1879 112792446
1912 128602978
1911 710326938
1898 382377001
1909 67609377
1903 693627076
1919 239108951
1897 380089004
1917 881215873
1882 831309245
1894 305041208
1898 273060587
1916 924411805
1881 506674155
1903 891847722
1902 191895524
1901 849462712
1901 734681718
1915 714495688
1901 644554946
1899 723581905
1904 949732572
1880 500373497
1904 348871946
1912 789716032
1925 738804183
1905 906004387
1907 769752001
1899 971576558
1908 246423709
1920 526684318
1908 948991610
1902 235700267
1897 223494086
1896 8218330
1889 327508457
1900 49847579
1910 160911702
1892 44790956
1910 999822675
1892 856284245
1897 920110989
1896 308499195
1903 980362364
1898 482576927
1898 497398663
1899 681527742
1892 27524200
1893 413751881
1907 49848930
1908 425779019
1873 903741809
1900 998663861
1895 303257261
1886 587747026
1898 954430732
1887 76420381
1900 564203864
1897 328924154
1909 275827535
1890 260806667
1888 399753629
1889 8714580
1894 105468348
1889 446127514
1907 798055971
1885 146628667
1904 619553750
1886 168981002
1901 709470082
1887 540925690
1911 459363836
1897 293743854
1878 676364835
1900 350399503
1890 453598989
1897 85322126
1900 886892978
1912 358269343
1893 423480503
1895 434756314
1897 614363187
1892 655299199
1875 847962324
1907 525848289
1899 612797230
1896 908047356
1910 114466856
1896 305303567
1895 55879300
1878 481470251
1906 416470765
1892 35146954
1903 891891107
1903 154370486
1890 109492430
1908 948381252
1904 374907258
1878 639461875
1895 442325547
1904 39241868
1899 223603039
1894 231572104
1914 672124444
1902 561858336
1908 181705645
1907 202550717
1896 574452401
1891 423567407
1909 950160005
1890 122322577
1907 856205599
1903 76355941
1908 109610891
1892 924762677
1899 16546352
1918 483042323
1904 112025194
1900 604591083
1907 905251773
1897 293007674
1897 774510821
1908 612236400
1904 294272527
1890 253739689
1888 788078015
1901 620890923
1902 28562184
1895 359285768
1894 224220240
1906 716279435
1903 246597719
1901 363765842
1910 930464732
1895 90921840
1905 104962009
1887 490691543
1896 791689996
1898 520863297
1903 509620568
1898 833546796
1906 156429927
1883 256224818
1899 929412880
1903 263037855
1897 49810561
1905 847931481
1890 848434663
1887 549548251
1896 282307599
1894 164583528
1903 320892787
1902 343993609
1904 970533860
1891 868889331
1900 72069232
1912 179154220
1889 764584997
1909 93598154
1898 654965027
1907 425697419
1904 902360983
1890 338859905
1898 982031773
1917 157910372
1901 493639482
1893 27953793
1875 826101242
1903 97808306
1899 568564389
1916 545183363
1901 582043086
1905 955032338
1879 32333703
1900 610108828
1911 406825855
1896 648342880
1910 884835664
1898 78568685
1873 996155432
1907 935618733
1896 418896262
1885 381196611
1895 877883960
1894 998228650
1901 507087518
1896 812393188
1896 655453182
1901 660995657
1897 309507297
1903 205819787
1914 319985693
1884 398852436
1895 393927720
1904 557861810
1897 157307717
1911 974010200
1898 822461082
1903 78547142
1898 590165306
1910 89454664
1905 306785530
1914 206503746
1899 270789466
1907 444170064
1905 938874217
1887 564056853
1891 589378094
1904 11451099
1895 387214604
1913 43093273
1903 455492983
1907 570715832
1895 960939276
1893 123555672
1888 194093251
1893 954240553
1910 785085985
1904 359471932
1902 465939500
1898 439110068
1880 540857792
1906 825331758
1913 916575045
1910 441259733
1895 710932951
1896 582978930
1892 1948092
1908 993509645
1907 452738046
1896 696658172
1906 63256649
1890 66966029
1907 859638584
1897 619277733
1910 722282825
1880 42638440
1905 703205307
1906 828765196
1884 819296380
1900 483179484
1911 182408274
1897 697716041
1904 119161572
1886 508416911
1887 77063071
1907 127805705
1913 303508341
1891 556221626
1892 274244293
1906 390353611
1889 452808269
1897 181755017
1894 5206754
1886 614027412
1906 41539581
1909 119552864
1896 809985050
1912 615310194
1896 569469876
1887 688915649
1896 983083948
1893 473893748
1892 630315112
1913 868486592
1914 179654657
1890 469232088
1899 174928577
1904 520780759
1904 930969437
1900 257311951
1894 452895798
1906 782999803
1899 742572837
1918 919431173
1888 79063386
1890 536032513
1896 764072105
1916 735376868
1891 657332373
1893 85511571
1890 607511852
1910 864822965
1902 663714933
1874 189405091
1882 546498982
1892 721836255
1890 988132170
1913 957039759
1897 469138530
1900 445105861
1913 800534422
1896 347573473
1894 725567572
1904 540949413
1905 256021254
1904 962194317
1890 412385180
1902 485830239
1886 875838194
1915 932892272
1902 854513665
1896 114054009
1894 230717019
1895 485655613
1893 332598117
1915 840778466
1907 555323570
1886 587111240
1903 253908195
1900 241274832
1912 186646786
1907 613557812
1900 303452369
1886 807627227
1910 601086936
1892 301555328
1910 617222612
1920 733721210
1920 479183224
1901 747916880
1900 737844815
1902 815984328
1892 329446568
1909 798437381
1902 704868301
1897 62561585
1904 307990680
1893 616062309
1875 547472324
1889 208493792
1914 734067220
1906 138764641
1894 465669471
1896 186024853
1891 803093687
1886 805698923
1905 979017801
1889 39480100
1895 348543690
1895 871630731
1901 139328377
1908 717419373
1896 750005107
1889 442689588
1892 438173593
1893 109878418
1924 404734903
1910 46174458
1905 578482435
1907 548265666
1890 13955255
1883 649613404
1885 226732723
1875 429769938
1913 101249212
1906 169745447
1894 439167053
1905 555676463
1907 874766718
1916 697617637
1893 422534015
1900 437347428
1888 88904758
1893 557881556
1909 864534339
1895 230891260
1898 359025970
1899 731182305
1897 102756618
1896 834070346
1910 957835709
1895 559019484
1903 49884859
1897 102325832
1887 5372558
1921 787505447
1898 72192148
1908 742414466
1902 249455742
1903 81520300
1916 967401654
1907 681353891
1904 935968650
1893 398999605
1901 8710481
1906 557171831
1893 8698372
1907 419473009
1887 117747536
1899 1470866
1906 715654367
1885 454000736
1887 776685770
1906 813382429
1908 595882351
1880 753992277
1886 986587479
1894 819127676
1888 942774374
1905 959130126
1898 24059519
1906 837113069
1895 781781971
1891 161870669
1909 420206548
1888 559485227
1905 569887102
1896 894808226
1914 550036561
1897 964320040
1902 827178309
1910 746201620
1894 547250520
1892 19903088
1895 379289380
1892 682483717
1895 773005692
1891 47385256
1905 631568033
1892 195624317
1884 216602261
1902 131009602
1895 857457734
1897 43383185
1897 97585159
1894 318668845
1916 617538673
1892 304410087
1887 616042535
1887 870654831
1878 748764593
1902 817125416
1910 433190366
1885 435304470
1898 886970386
1905 961052912
1893 645510652
1911 996744369
1902 814421504
1885 749928125
1900 719466378
1914 241244056
1915 273674580
1909 465002520
1917 710847870
1904 744221403
1895 12052522
1903 263876424
1901 326457221
1882 516479089
1894 451088425
1895 26651459
1903 52580895
1903 785362006
1895 560196338
1906 747739327
1894 412423216
1891 649665311
1904 11896577
1897 805727593
1897 104397618
1901 85916001
1901 882058854
1904 186429412
1887 685603262
1909 171657851
1905 761363681
1906 871174570
1901 359816729
1896 452676177
1898 447951335
1895 455525487
1900 132039133
1914 977980718
1912 446306969
1893 841357972
1885 528565147
1903 517465844
1889 867743858
1886 647695794
1887 13134792
1911 329229465
1895 719832455
1906 590998441
1878 994876357
1893 262438132
1906 43398237
1906 298647584
1910 635583641
1902 229095121
1893 248652111
1904 202491251
1897 928064022
1906 454704102
1910 279646702
1893 188621750
1891 298201622
1885 200879456
1905 273708704
1901 236718609
1893 138055804
1886 596919393
1900 303141796
1884 927697055
1897 492303847
1908 207599734
1908 401530242
1904 794736172
1888 605360646
1889 296670848
1915 813824552
1883 688816729
1892 134057094
1901 523364445
1903 239376828
1886 878473987
1890 177698646
1906 477325227
1887 317660730
1907 630473406
1893 43518059
1890 932358206
1902 723923172
1887 628769555
1908 551275984
1919 410983778
1891 550837031
1888 166163248
1905 603745897
1875 326366735
1902 979012457
1896 850285237
1909 22944483
1905 625740482
1892 709412094
1882 391666399
1911 328531439
1912 766730569
1881 202139718
1890 79161224
1881 349171191
1895 263293102
1893 807071102
1898 305884578
1902 674041268
1898 934647950
1884 430813805
1882 618949305
1915 352173325
1885 724244559
1899 925415393
1901 68214654
1893 76739706
1899 400201794
1895 139376870
1900 189976945
1896 384875236
1894 460706446
1900 717242078
1918 196403047
1905 491360157
1897 124801639
1889 476446455
1886 737342029
1912 450384058
1904 213589212
1892 806545546
1884 995810491
1908 159893258
1892 431747062
1889 29276953
1894 47977013
1909 152120966
1913 842535577
1898 383113498
1906 202343634
1885 82390444
1891 507505941
1888 562777174
1883 853333908
1894 917624669
1875 883959047
1884 352370813
1888 526062320
1905 849131717
1903 259588184
1917 291520183
1903 531365210
1919 420100967
1884 624894679
1882 620531782
1890 455033333
1905 270319522
1911 473505092
1895 829554771
1890 907771593
1894 590397178
1898 384558235
1905 274212260
1893 920612354
1908 3605102
1900 874443210
1894 712911661
1897 151027157
1912 920120578
1895 947012726
1901 882553345
1901 348976455
1900 866382454
1886 925066897
1893 672932771
1896 901390255
1906 514422909
1904 897678346
1909 169866722
1888 156910958
1916 170442212
1888 867613105
1896 941947013
1898 902075263
1889 637346184
1911 834772942
1896 701594121
1876 858267645
1893 418778328
1897 400512103
1914 997500802
1903 245828277
1901 182123080
1900 448060225
1894 109748912
1900 590582184
1904 665500593
1899 859410395
1898 930738855
1894 178086995
1903 698025073
1900 421055998
1914 679221035
1894 130551551
1916 969080106
1913 969875277
1917 778081788
1907 311383656
1902 415177310
1904 70734657
1898 298020887
1921 764219899
1898 759112562
1893 153474812
1896 590003263
1903 991961616
1892 770959529
1890 276296405
1864 572646660
1892 392763000
1913 201370325
1898 132171617
1892 283902098
1920 331403628
1898 57576341
1897 346382643
1899 393664952
1898 691769749
1907 992176273
1902 140713405
1907 965385863
1886 802487833
1898 907792652
1899 635437201
1900 845608337
1900 704637962
1903 629352945
1902 234006339
1900 854613465
1897 878901319
1899 868754983
1909 111071221
1908 106503374
1910 874860932
1901 260110743
1906 86077875
1907 436131269
1911 258114030
1888 437137910
1915 880782713
1909 574772528
1903 984586882
1916 383115215
1885 929655781
1903 126286966
1895 616992466
1903 632877259
1906 666511690
1909 78076210
1903 705889542
1899 778588209
1907 770121043
1917 559663564
1892 332597082
1909 898458216
1883 867094974
1914 617383452
1923 205386198
1896 661624185
1905 123073565
1905 283252479
1900 466096784
1897 971525167
1912 47096998
1904 808302189
1897 437041847
1895 909202737
1900 396443189
1874 734490427
1905 160286451
1904 286584560
1893 457290687
1891 366521290
1916 962175754
1896 210871484
1918 646643823
1880 226507336
1904 813876181
1888 901469969
1887 33222962
1909 120379305
1891 48126896
1901 405839345
1882 837709983
1903 855627720
1908 362643736
1903 903610142
1886 90530076
1885 773495737
1906 84813846
1898 896237653
1900 474098768
1913 151272849
1907 471809503
1889 976709234
1901 531651655
1875 652295019
1884 792938268
1892 103500557
1903 525343806
1890 230498789
1898 163524615
1899 779403583
1919 607705855
1908 513573207
1892 527740956
1890 688239921
1890 308896657
1913 909414528
1877 898562766
1890 916591063
1896 79216831
1900 192844238
1912 391397196
1890 141549277
1894 874664362
1890 225763972
1900 437005690
1874 130864745
1902 214341303
1899 560983622
1882 465353272
1893 810234100
1917 401579831
1885 424546627
1908 972471990
1902 173316903
1894 597270876
1885 623401926
1904 124971718
1900 962490375
1897 154638079
1904 80291424
1911 854948629
1895 935967048
1912 815105865
1914 131041140
1907 31766776
1881 390253481
1899 433312564
1908 862911471
1913 416781647
1896 750393117
1912 408921787
1887 203807514
1918 618959090
1899 564695753
1902 228663300
1903 454326461
1899 464923867
1909 314270415
1898 448765934
1912 129915643
1901 306217164
1901 200700608
1897 741739922
1896 451546895
1898 521455426
1900 5622454
1901 239494822
1906 414626543
1899 745124446
1895 268372450
1877 759957536
1910 694896229
1896 436139987
1909 148429977
1907 193641636
1891 574726092
1889 99593596
1900 418622443
1893 906087028
1889 739947930
1911 265255740
1891 906079835
1921 752494816
1894 877141178
1910 984863966
1901 992816685
1906 211243916
1881 973636451
1881 509001767
1901 22767640
1909 122429262
1896 851741061
1905 718640858
1896 292554672
1886 541457083
1909 276334391
1883 357435512
1917 284844621
1912 241075629
1909 144573836
1881 93869471
1886 371914736
1903 80198151
1886 222013522
1912 276635849
1901 84366927
1912 578620079
1908 769833722
1902 46344868
1885 673011027
1893 331435022
1901 741365465
1921 587736061
1905 159150981
1905 575372931
1887 130181265
1901 29249568
1896 858334669
1890 290891695
1890 714564334
1900 437698965
1909 21503967
1924 791579135
1905 241937414
1910 294549106
1907 793559143
1882 920584412
1898 893512682
1906 139892833
1907 932260297
1882 526549088
1894 202280363
1907 613803262
1905 232559447
1903 999683513
1902 998308330
1895 156889331
1903 431620046
1891 552805804
1902 537614747
1893 537110136
1893 24564944
1892 539990753
1901 924192311
1911 20203198
1899 59965794
1897 731880008
1901 639502293
1909 259052877
1916 429800277
1902 79305530
1886 12824344
1889 802998649
1897 251355665
1907 778411346
1908 832247765
1895 477041708
1881 603924589
1884 797471576
1920 691568536
1904 990879185
1909 170531743
1908 511025192
1921 252909465
1911 276189519
1886 353641796
1894 130370699
1901 504417524
1904 637611179
1887 298064439
1909 138864026
1903 880582751
1893 777636213
1911 693398989
1892 123236738
1900 465719329
1896 390606488
1881 838491641
1898 962007911
1910 64412015
1904 815008273
1898 525132826
1899 712133710
1902 332032513
1911 19762540
1896 551972265
1891 206884073
1909 154509427
1914 414913106
1900 811950545
1894 842135852
1882 431804206
1900 929979046
1904 158095832
1892 659060438
1899 796685767
1905 360477432
1896 145279292
1900 184573358
1902 158442396
1892 590260904
1892 588019639
1905 878497005
1889 729708228
1881 827423576
1900 325749624
1890 399537573
1884 513890135
1885 923319304
1896 273231082
1897 67369910
1892 393311758
1901 891890651
1895 274866472
1884 312200236
1895 611370872
1899 348532073
1888 135836466
1883 186267775
1893 539846452
1864 328188195
1898 690978688
1911 568468749
1908 519013660
1903 757604503
1913 207380172
1910 767594621
1889 947909621
1896 78940553
1902 18411533
1894 75091408
1894 717097915
1894 170517567
1887 570142379
1907 354920067
1887 499419085
1898 175628663
1895 989853162
1908 662391485
1903 448663991
1909 730544481
1900 824249821
1893 413825294
1906 869509425
1897 389722761
1899 563280979
1883 778220109
1895 937481547
1898 509423267
1902 208021408
1900 565926644
1900 101962866
1905 564334083
1912 40977973
1890 521811812
1903 237655118
1905 878712866
1887 58988495
1896 545851377
1895 272984486
1898 898882891
1904 360847780
1888 830144285
1906 617246345
1898 653823929
1904 709598285
1905 978524646
1885 794401912
1913 923536799
1900 302949146
1895 650664864
1888 107934847
1902 155272189
1894 456210221
1893 990929279
1908 53741102
1898 408994098
1902 444427057
1897 487724851
1880 133174388
1920 323763978
1885 616070582
1888 468482786
1894 640914460
1902 200773553
1896 803014045
1892 476816255
1902 571360307
1891 236541504
1892 31505869
1907 358144225
1905 223636254
1919 603698526
1903 631835879
1904 779511846
1903 550986135
1917 184626780
1897 302927777
1907 955860115
1885 223844969
1916 979832748
1909 193827503
1912 351700153
1897 16415009
1905 330355794
1903 293071552
1909 534449155
1902 26740218
1884 897309458
1895 436075287
1904 400974431
1903 989095903
1905 912117879
1914 480743808
1892 170920116
1879 902407041
1894 437537048
1905 36210481
1895 685286425
1894 600127578
1890 857566693
1892 521653544
1893 138490783
1894 860852334
1896 859187229
1897 819786241
1902 393235299
1886 934419387
1893 722743522
1899 612295377
1915 236695908
1895 63965769
1892 247373314
1914 56599421
1883 731287776
1896 333329594
1903 519706067
1903 937037927
1894 452221791
1889 43136556
1897 549287606
1906 139223385
1892 798133818
1897 283236331
1907 127719197
1882 675891488
1908 39454440
1900 495186071
1892 707693587
1888 845625076
1891 855926648
1913 141839318
1898 160186481
1896 532270747
1889 893027950
1887 445800607
1903 505983397
1899 616545636
1893 473242805
1901 207952857
1891 230028627
1906 513302877
1895 120106322
1907 756154186
1891 929835687
1873 579285755
1908 15446093
1903 528353729
1901 150320306
1910 234818509
1892 340845686
