3783
2851 163995152
2859 552023642
2875 581484689
2880 702753323
2871 818430939
2860 271022937
2874 965084185
2874 228279869
2849 402201197
2871 506760896
2863 840023759
2867 591862096
2857 416637201
2870 861909374
2865 935835209
2866 479059198
2860 518006281
2857 430645294
3205 312442368
2852 281880513
2880 977863369
2866 969241937
2858 918238663
2878 3679489
2863 93766962
2863 756229131
2862 737971725
2869 768346215
2880 977007220
2856 123926552
2854 403817533
2860 598521589
2866 57163552
2869 592051848
2888 105710629
2877 100347537
2861 562013986
2868 129979880
2863 13631272
2846 746567638
2884 439061810
2874 138749124
2866 3320702
2872 412870802
2867 184195053
2863 507847647
2869 980537193
2857 966950301
2876 252951846
2874 539279652
2871 58809928
2878 562952815
2857 231356533
2864 580628052
2867 5648726
2851 203061076
2854 258918584
2873 515488452
2877 57293471
2867 722709914
2870 633897742
2850 660009487
2872 623721442
2864 712482580
2863 310361434
2863 685899557
2863 832974090
2872 245367774
2866 456303576
2877 611892152
2852 83975992
2858 190031413
2862 220984131
2863 90518000
2865 412238677
2876 42791700
2870 989406298
2855 568059260
2880 315729065
2847 904433868
2860 965870505
2886 505287816
2867 310285
2875 517614380
2870 209678412
2855 391687042
2863 757860945
2868 419099934
2868 429552204
2864 661998955
2867 932229608
2872 677645212
2871 259883721
2862 830300612
2866 450073481
2866 457847095
2855 315991976
2853 362405619
2864 132511900
719 727420849
2868 728545181
2848 707216142
2873 38849025
2856 656995863
2866 547079904
2851 66625643
2873 287438865
2870 397500692
2856 850516678
2869 305106870
2872 113749328
2865 207023434
2865 822786822
2875 553561230
2860 70561515
2871 719569761
2856 951054182
2855 796719890
2859 815874284
2847 61748833
2882 580069597
2876 84670562
2869 595835736
2861 400383825
2873 403289584
2856 68271404
2857 970362066
2880 28943123
2883 211424263
2867 2110710
2866 938832715
2867 9500743
2871 127762743
2852 791882311
2861 339601793
2882 913685564
2874 406724783
2882 161493407
2877 831421477
2856 357049370
2857 46271428
2876 286231516
2859 326168056
2878 789999518
2859 146273756
2872 692260303
2881 366083366
2847 804945075
2878 959777394
2879 325528443
2865 656350868
2884 710348660
2867 911553431
2864 807692349
2875 578579137
2868 88784284
2846 226090498
2856 946654638
2882 519307507
2874 989026151
2870 905058085
2871 496713096
2875 187983160
2861 865732742
2863 885520057
2863 911720619
2866 615358398
2860 19021106
2871 731374336
2851 398413227
2868 663434863
2859 642530854
2854 401400379
2864 139909510
2854 455489116
2868 739889364
2862 660985595
2864 956414801
2878 554977186
2863 342833281
2878 359866594
2885 435496474
2864 150576950
2870 752516252
2893 861260736
2877 981214437
2879 547676703
2862 854998907
2878 62327642
2883 957445914
2861 432795240
2853 963430233
2876 772525388
2866 946956971
2858 10432986
2858 151829958
2857 370220326
2862 364008951
2869 442998457
2854 748919206
2888 56885560
2867 643944538
2861 667813778
2852 548745421
2855 900220779
2871 742301535
2877 593390524
2853 551292319
2874 775335550
2850 274891248
2858 107573253
2875 797777887
2839 686300492
2866 796217174
2879 743012045
2863 560444719
2864 770002868
2869 51895303
2874 622486587
2857 606251014
2869 361329277
2868 611297771
2867 566359725
2879 582947710
2869 456632309
2868 157173002
2872 607770508
2876 449349997
2866 347989234
2879 700594005
2892 875442351
2869 735021737
2852 15429977
2870 526916052
2872 791179215
2860 167146772
2873 360005420
2855 682822201
2864 639124053
2864 984761233
2855 499099817
2877 351159117
2869 716039494
2865 542036885
2867 571807986
2866 474535121
2869 993958911
2876 211066251
2868 682831500
2883 157830695
2853 182304240
2875 610391289
2858 970482944
2863 37638199
2874 538198290
2869 304538044
2865 137932539
2878 8294508
2872 965584112
2858 317885711
2882 832542487
2871 885557086
2852 238678945
2878 703036785
2873 573493517
2876 82607064
2867 358684195
2855 475382603
2874 760257199
2873 599449967
2875 716463272
2880 551893420
2869 383008000
2854 685116722
2861 183687457
2851 885752006
2870 885964059
2868 393685993
2878 476599484
2881 527832890
2848 724050852
2878 835819539
2855 357947652
2868 803991261
2855 71701198
2854 458946813
2872 45529183
2860 314639958
2860 905214627
2864 110074168
2879 744061075
2861 382318642
2860 738095949
2859 534086190
2850 361457173
2864 676706846
2865 793834465
2867 370589542
2867 305821049
2873 731932361
2868 630034072
2874 354624882
2882 111799607
2853 801390085
2859 568586667
2857 177515210
2871 319067541
3195 951481932
2876 640643569
2874 398130264
2862 429349321
2878 411836991
2866 394278070
2868 571892433
2861 727206258
2863 178967872
2861 301410268
2860 45277595
2854 911573122
2855 563988551
2856 844045245
2874 313277087
2860 773275521
2866 857109854
2859 66654910
2849 492516279
2856 609304723
2860 21218654
2877 386977263
2877 6684933
2880 227556931
2863 258014779
2859 770806832
2879 682874447
2868 24390345
2863 256999200
2841 664558520
2872 799868834
2873 542821393
2862 197173840
2858 690468385
2868 736705978
2860 323338773
2877 827731928
2871 577741871
2853 51789437
2880 426583425
2876 454503659
2868 987112489
2858 956308096
2867 565928564
2869 229732918
2884 502820319
2852 441930709
2870 618703661
2858 492857362
2884 393175906
2864 748487997
2874 367918196
2877 219458381
2867 828315378
2862 312987953
2872 929271750
2866 353319270
2889 482106027
2870 406604776
2869 786835336
2865 128887560
2865 264038440
2855 11246748
2862 185193050
2871 829734342
2861 584217512
2863 851367266
2884 428660891
2858 857583589
2869 872630815
2871 77216905
2858 113202771
2869 443670557
2853 216976789
2842 232984982
2871 607885927
2874 319794719
2858 766671004
2855 713286033
2852 923180271
2864 237606069
2872 533851674
2874 558306802
2853 207514168
719 727420849
2866 200910020
2867 467884489
2869 487084299
2864 517510450
2863 584095565
2862 971816373
719 727420849
2877 125131313
2863 182942396
2869 636064513
2881 46100896
2878 9368060
2863 278472713
2881 102921866
2877 895452060
2863 984576477
2875 141964775
2873 971219818
2872 784538663
2862 493357513
2860 54962679
2883 213822879
2871 844362869
2868 240150151
109 580479960
2870 886395653
2864 69713838
2863 49221538
2861 570904876
2872 36755616
2863 117806708
2844 316112380
2875 929014518
2876 92505381
2865 552329761
2874 376872488
2859 333197106
2854 761266213
2874 836032378
2854 813338405
2865 780355953
2864 715572644
2888 491950627
2861 28219356
2875 951067955
2866 409225266
2850 28867122
2867 357298804
2887 621125157
2869 719065759
2870 913277379
2886 202836743
2872 874980938
2862 851157204
2885 676283658
2856 565583674
2863 595936125
2864 392372118
2871 833948795
2870 557968444
2873 666675512
2878 938653206
2864 663462948
2871 313090754
2857 418981481
2875 801192839
2875 69357384
2859 968382419
2861 914377710
2859 396334999
2876 289599106
2857 451407539
2865 313814657
2856 426441979
2878 186181276
2846 189122444
2875 33650084
2857 586427722
2883 760082090
2880 238477212
2887 17838369
2863 741382940
2870 647018364
2891 884311929
2840 715939187
2880 799711024
2871 138985059
2870 151038466
2871 111541124
2853 287764466
2859 41519084
2871 866765610
2874 493974792
2861 623820975
2869 64418664
2857 742827459
2880 558860715
2861 313836153
2860 489099897
2868 317109287
2894 214818872
2882 616416191
2875 617087973
2876 933402360
2857 211790576
2860 425608733
2869 287374205
2884 164562760
2884 24287918
2870 678753434
2870 970090835
2861 569617834
2888 289569348
2862 161599197
2856 246970451
2877 589488002
2870 994674908
2854 483246793
2854 396526080
2871 537033847
2868 32044948
2876 163775769
2866 443732177
2863 401611030
2861 982812232
2885 230530225
2862 493657481
2871 133699912
2870 364611443
2873 748469112
2847 5152175
2870 953842949
2869 9927744
2865 34769603
2858 327910200
2874 994059910
2867 142394361
2883 468322865
2868 752593072
2862 127815468
2859 333836785
2868 463523724
2869 321523552
2880 196401601
2878 930186923
2865 353203985
2872 544314033
2864 519933331
2861 136708733
2852 284435681
2870 84958434
2867 293301817
2848 440868797
2870 367854184
2878 848370460
2860 761189609
2858 434199863
2875 224389049
2873 331561877
2860 67229259
2847 673292969
2850 558509225
2836 454012239
2882 739725084
2877 549798540
2859 57249772
2879 573578169
2875 669594200
2875 152745560
2848 634643391
2871 530888480
2875 673274494
2863 929825051
2866 876715183
2873 571644917
2873 906052749
2860 349700220
2864 556989178
2880 182205322
2865 160542307
2868 189592921
2875 491407818
2877 785655370
2880 713787701
2866 28831253
2876 447910607
2872 136383348
2876 926147860
2856 714826154
2870 674891017
2875 675396921
2868 828297434
2870 557511956
2856 727708855
2882 509706814
2870 412031046
2874 886578989
2869 373569610
2853 894461638
2877 525077450
2880 610460455
2874 718480408
2876 856000037
2874 801671488
2864 394446286
2881 404867154
2864 796309984
2885 883665622
2888 147995906
2864 47326757
2872 702164341
2870 596519425
2864 256789781
2864 237323901
2888 210760628
2876 744713291
2859 261871202
2876 67813752
2860 287658028
2867 178834771
2868 41520065
2868 801728280
2875 736079756
2849 655880544
2862 626222406
2860 762159821
2865 344589821
2876 586341072
2855 828325020
2850 739022628
2877 263817746
2857 328289015
2876 480851905
2877 136958639
2863 575272848
2869 171637601
2877 218067903
2879 822679440
2859 149190635
2851 351338071
2882 640985176
2874 241913631
2885 739848832
2859 195546155
2869 471048922
2855 604989065
2875 768956740
2860 664669364
2873 308250460
2857 895727824
2895 277519326
2847 614791017
2863 743668557
2860 785784164
2875 322157207
2866 444843250
2876 148243224
2866 995352898
2857 814450025
2875 553384637
2878 557699966
2865 426771920
2873 681723664
2887 523343907
2880 204096475
2889 40763436
2864 804490302
3317 362433171
2868 293890614
2878 157879807
2877 62668923
2878 985247011
2857 345714795
2869 496456509
2855 542621390
2879 581353912
2873 893547074
2870 326263278
2868 124287308
2852 425775430
2858 821730244
2852 530546458
2876 650032291
2872 668296946
2865 924751812
2855 410253442
2869 683929070
2868 548595239
2849 54072901
2867 418178069
2859 44934670
2868 594035734
2861 204450205
2879 871626777
2866 624227849
2867 494038222
2856 213529904
2858 941939890
2859 980447108
2849 786608476
2859 346160282
2849 430170888
2861 188748383
2856 358452893
2871 507546082
2850 708487334
2848 643495834
2867 299038246
2878 349225254
2861 660111954
2842 869277822
2858 495779841
2871 730638824
2878 720852909
2859 864441114
2866 130895754
2858 196506581
2875 292766366
2871 437008297
2867 881632902
2874 50445171
2860 428884008
2880 596568394
2869 218961703
2863 116251622
2872 454955131
2856 816937564
2858 38705146
2882 380200009
2880 262943649
2874 300375284
2854 264216034
2863 925283541
2861 236389074
2867 407536776
2878 990839843
2853 155320725
2876 776412565
2861 244277652
2862 677432632
2874 398533545
2873 448414964
2862 554220394
2861 644790644
2879 476194569
2873 911006420
2876 98846500
2860 949779147
2862 710598180
2877 507259760
2856 159363123
2855 185554901
2860 453451764
2863 464792542
2875 372615194
2870 476929500
2880 555252527
2862 175134796
2856 709384489
2880 379728994
2873 79626372
2877 23685034
2857 317891515
2857 436783087
2863 53484406
2842 687277458
2866 337169628
2853 538665779
2868 87424781
2869 419630556
2857 310919171
2872 655552627
2862 265481370
2861 607670216
2857 102303648
2863 876064894
2867 759088563
2866 416337190
2866 667115097
2865 975223717
2860 35911013
2880 619078761
2876 752592999
2865 682363170
2866 903106897
2838 727078604
2870 319197224
2880 439543415
2870 952241754
2859 683406791
2861 665635639
2855 281143085
2879 575240832
2865 991473457
2873 702560292
2868 341716882
2851 772861456
2849 497150372
2884 855202267
2862 286374498
2891 455550132
2860 547638944
2863 953002765
2855 291839377
2873 563443579
2880 692177927
2874 549025791
2862 638087338
2865 911966660
2882 411276540
2860 742679333
2862 663763655
2871 110604956
2852 40128575
2855 868503967
2857 304055169
2874 571253640
2876 508159482
2881 386982819
2855 664651238
2877 59007582
2863 599547440
2871 807936410
2863 223468188
2868 509262681
2860 482560808
2875 945721571
2882 954743479
2886 706888698
2863 731756474
2872 662915820
2865 931178929
2873 543691794
2874 196936725
2869 576354738
2874 134207171
2868 11165071
2858 705455646
2861 248815006
2870 774100396
2878 440601758
2869 7183232
2861 142971479
2867 879300044
2864 353568181
2873 825304548
2869 907591206
2872 407386879
2864 12009087
2862 702153552
2863 93304608
2873 211936695
2872 339301179
2875 910911889
2868 121334885
2877 262392697
2858 620230824
2877 875686639
2853 400614442
2882 238007648
2851 824004964
2862 252059207
2855 898087582
719 727420849
2856 197226745
2867 564749942
2860 164061079
2870 655952225
2862 464699742
2836 687310599
2848 179830549
2874 133594863
2886 506913027
2865 168828752
2871 40568526
3682 912063377
3083 584308538
2886 123650461
2867 825792428
2866 355799148
2859 366983725
2886 584958449
2866 675103367
2859 647953244
2875 204831416
2876 909588249
2874 768655066
2865 749855516
2864 839204445
2863 705337838
2862 18244739
2862 215902219
2886 641615536
2866 841654592
2871 285651656
2863 3710177
2885 632400867
2863 133683720
2855 990239489
2885 916598187
2855 844403373
2876 304299005
2849 463251403
2874 292939500
2866 546945376
2869 580798799
2876 362708016
2871 979770499
2876 382715014
2877 509313859
2868 52033448
2861 980038019
2857 776785132
2885 601620123
2883 830851654
2881 12623567
2876 735126522
2886 656827251
2866 486466401
2874 742690546
2864 510130060
2852 700420427
2847 596798450
2871 608259846
2852 672670350
2855 143234843
2877 456875922
2872 637383865
2863 621171926
2853 298509741
2856 156121054
2869 109445611
2864 700091644
2862 705187810
2862 374581682
2871 657049392
2877 677985508
2858 20309582
2857 15034470
2874 550767197
2874 915580776
2881 779065629
2864 391438928
2873 148398375
2870 6740309
2841 602545704
2863 410401053
2859 919521536
2875 950820526
2874 401337271
2862 85056571
2878 743655416
2871 336782156
2878 796825566
2860 705238678
2869 594265312
2853 181012276
2882 828484690
2883 934328406
2870 994945767
2856 950155406
2868 974614204
3317 445987926
2858 498373667
2855 818702320
2873 680345365
2866 440350954
2859 141548943
2858 741319412
2865 351683879
2839 756471790
2859 889656864
2860 383399115
2877 430946636
2858 896313921
2862 273486108
2872 399169982
2855 737472976
2851 230765828
2865 578505038
2872 329241627
2873 616988907
2870 644375652
2861 170576466
2868 156287741
2864 948782544
2871 790706807
2858 352259164
2861 295287569
2870 934984220
2863 970451716
3312 495944596
2868 836210054
2861 894140989
2852 890848276
2870 562652351
2859 912568714
2866 950051978
2868 824602962
2858 128807224
2866 872957852
2870 665470568
2845 482648948
2888 491226099
2881 534556401
2874 185664294
2876 782964993
2858 104192067
2872 180599941
2862 275916838
2863 576305507
2882 944357741
2872 844783432
2875 590755179
2873 438202200
2875 37179688
2845 328889434
2855 585838397
2860 566885687
2857 98020663
2861 340561180
2885 919154403
2858 666080366
2859 248950128
2878 764331073
2869 637475084
2872 763540526
2858 814591484
2870 741928994
2870 804538013
2871 206653199
2862 743527331
2863 867677552
2839 173047744
2860 646411365
2868 409509427
2872 508930508
2873 457539785
2868 182028019
2872 769507646
2865 542537938
2845 344627743
2866 445630155
2873 399253881
2859 34662624
2879 249029142
2888 76305281
2877 480223677
2866 691332274
2872 678689777
2873 15418627
2853 914544423
2875 239229713
2859 936604534
2874 240358532
2865 259226802
2883 875786460
2873 211800618
2856 626981997
2862 757831534
2860 687527974
2872 243221264
2858 644078833
2877 698539828
2858 279270948
2878 119658082
2870 964623742
2868 324878398
2891 44145079
2868 190312822
2878 733339403
3205 633935713
2866 700634472
2864 786175629
2862 155125235
2859 28739277
2868 77389241
2875 182442717
2867 914108529
3430 240726213
2848 67856365
2858 674901796
2860 773346863
2873 913013791
2860 811354300
2861 99144193
2867 333785095
2856 556509222
2864 376250575
2884 350325678
2866 281826232
2866 896271980
2873 541061422
2860 923014650
2868 890162243
2871 947233368
2851 798127037
2863 632669588
2878 280249457
12 478226481
2878 357505030
2869 738786152
2868 529472274
2867 465654995
2881 821683192
2872 292899924
2877 525183775
2877 873295455
2878 332260498
2864 844762436
2877 895467798
2880 931823610
2844 955863547
2885 274742843
2864 84035724
2860 278381273
2845 770729565
2874 15153885
2874 908237655
2863 704522256
2858 29098778
2856 882993171
2862 793256790
2882 297563674
2859 327951672
2857 912412992
2867 628699381
2844 342948025
2872 175835023
2857 441031790
2873 533429708
2844 70484431
2860 13204732
2874 426389126
2863 949388745
2870 757263277
2851 983051296
2861 560947976
2888 609334141
2872 94995312
2860 871849836
2859 129112543
2853 490638147
2869 478963261
2865 174020169
2869 507271169
2874 325269106
2872 190058825
2869 285952761
2869 352924465
2865 33739365
2863 139764469
2867 628814146
2861 593064726
3097 126814280
2857 317063287
2862 935663816
2871 531267173
2862 913928467
2868 218139542
2863 256661021
2860 369668385
2867 535783051
2873 356898719
2857 665258539
2875 749599585
2866 483533781
2871 844291110
2875 383998845
2857 211981386
2858 778652402
2865 628532542
2861 761610002
2868 256265405
2878 265794453
2876 350516093
2867 251176120
2871 956037983
2869 822466402
2878 893576461
2871 844422248
2864 265449554
2857 517589300
2873 956255639
2867 984247874
2874 518030296
2882 794935917
2892 542484883
2874 904862545
2860 224704498
2855 169094402
2854 700684157
2873 353115235
2866 227412917
2881 247663079
2866 437652223
2861 220105475
2877 190768844
2871 210941335
2878 293122550
2867 686657613
2881 694856232
2857 806199742
2865 846977094
2860 55285848
2877 793717359
2866 620468572
2868 858182207
2879 791982067
2878 602901849
2863 241263082
2867 589296752
2858 140856735
2867 507498990
2869 156674465
2864 870294112
2861 104550036
2881 921357324
2884 349075686
2874 234405122
2871 462885686
2864 249968042
2872 287611932
2867 378376056
2889 967734364
2868 634316625
2865 482478630
2843 840764992
2875 211422819
2848 904315009
2872 554339291
2864 488216009
2868 697851140
2855 2196032
2874 600287064
2855 482500445
2872 331548809
2852 251500803
2886 865358032
2867 907446347
2861 784661404
2877 40137768
2858 456552214
2853 679842847
2869 65774416
2874 956367442
2869 738585880
2862 305092820
2863 125782553
2856 642671821
2863 534890540
2871 19107077
2863 57825548
2865 888898666
2856 449890401
2869 818243609
2871 472548404
2858 452413767
2876 68502504
2866 160796587
2853 124272808
2874 462279209
2867 716041392
2879 61485920
2869 756474649
2870 376837262
2872 700343608
2862 466091911
2868 484206691
2858 790143217
2879 38142429
2860 549662064
2874 117391039
2857 790705585
2894 749680748
2887 280685798
2862 324238693
2875 50994880
2881 506712469
2862 788125943
2868 442312717
2875 228823834
2860 382857870
2863 937636316
2854 632345185
2870 531795121
2850 499522284
2849 896903975
2863 89979596
2859 804876566
2863 526306453
2868 680301428
2872 876923041
2868 89357852
2871 917646398
2865 911849993
2860 118479730
2870 551919693
2872 473670964
2867 11357554
2880 355683286
2865 191347413
719 727420849
2853 554942109
2875 480697159
2871 753785010
2872 506347060
2858 403911080
2889 346366686
2862 327563071
2855 629549343
2859 352301976
2863 352371483
2853 619409192
2869 635618831
2870 849158031
2872 304523463
2857 441336462
2868 568666588
2860 450746403
2863 893132270
2855 73585518
2859 962827115
2857 630771251
2858 792799953
2873 612597628
2868 539235598
2861 761757393
2857 137024883
2861 654787132
2862 487254328
2877 336681274
2859 165082378
2866 362137261
2854 267088865
929 223715486
2872 862348992
2851 923648786
2873 201305962
2867 720305573
2860 719841063
2866 223820172
2881 817346736
2866 479082654
2884 374316307
2878 944223316
2856 513229143
2856 678940111
2850 166065032
2870 122223761
2851 65919469
2871 359565117
2858 953287597
2872 475105625
2892 920129942
2870 818821599
2870 537251546
2870 682033037
2871 974458427
2857 606712428
2857 84876397
2869 190853849
2874 524556307
2863 892747333
2852 46309461
2847 321408065
2865 265003830
2867 432597492
2867 21343495
2880 911524405
2872 205795605
3033 74796516
2870 48391828
2868 159245787
2849 896415365
2870 769127788
2869 835564832
2856 131802704
2864 656195628
2869 443672736
2870 101942300
2881 840587819
2881 19990105
2883 284469820
2846 712120289
2860 529806506
2856 567149589
2868 18634828
2878 922478632
2860 648933379
2872 899113657
2869 401325844
2876 853670274
2882 497667594
2866 467324789
2865 507207655
2865 456834427
2874 910075559
2868 621685273
2851 301175997
2874 775962303
2864 753602429
2873 304167999
2853 614562567
2860 273288722
2886 994039443
2872 629100188
2874 284501341
2855 539116989
2880 473695526
2859 365675619
2877 126621472
2848 393882527
2860 274154641
2866 989213275
2858 51724302
2872 734141005
2893 869245255
2867 585764331
2875 213283596
2859 93339525
2872 833568783
2876 105196550
2855 64251088
2874 571358609
2873 220734544
2873 711528900
2862 499095603
2848 74564467
2854 163512663
2870 18948930
2876 257074873
2878 658765843
2867 260260798
2874 663784073
2865 726959090
2864 548345724
2869 416497991
2842 648596523
2888 831172299
2866 124685561
2855 202365053
2882 410037668
2852 798318107
2875 318959683
2861 581606021
2882 927406882
2874 52813798
2867 204968831
2888 260397430
2867 388435744
2861 640571553
2874 996874362
2872 99853508
2888 763429653
2870 504560544
2852 595677078
2861 575169655
2880 576776887
2847 353322127
2881 477014846
2866 123214347
2880 783169411
2848 741569436
2867 885803060
2859 783107244
2868 424161530
2878 900944769
2843 98327877
2867 326325368
2886 801455316
719 727420849
2858 544410095
2868 106325932
2867 256859996
2875 801438918
2855 943955213
2878 348466864
2873 346805705
2878 406569073
2852 839767908
2869 118771358
2866 126261047
2871 86797670
2853 710043640
2881 631737992
2856 925903335
2852 903411365
2855 966118220
2870 251697584
2862 581610694
2864 807331703
2871 955751880
2864 756986541
2867 645253270
2871 71109183
2867 721104552
2868 624946088
2870 805889994
2873 566718859
2863 871716986
2858 361263126
2854 96269121
2860 343697439
2866 505955706
2867 537252607
2869 740896095
2854 344976850
2863 923336700
2864 53033398
2868 821144553
2880 148049072
2862 706505954
2862 906216099
2877 439973891
2852 41002834
2857 71077924
2869 244061099
2859 177946692
2867 905643942
2862 362426626
2860 793987298
2830 575576516
2843 387828628
2867 620368085
2869 139855109
2875 515667350
2866 179490385
2866 215576833
2869 504823930
2869 909744723
2865 578961408
2877 186642975
3420 897754484
2869 509635292
2880 370946766
2864 900454567
2874 290639896
2884 660015468
2862 36712149
2882 468727774
2870 939664718
2856 49288242
2865 182878646
2866 77032510
2880 287511040
2866 935666552
3682 197154261
2875 206076877
2858 115257933
2858 367534844
2875 818428732
2854 92484485
2873 961158292
2852 850303661
2858 306223625
2874 735465059
2871 536406014
2862 311583394
2865 807176130
2869 108796815
2858 967554394
2870 809306075
2867 916870682
2867 679258010
2867 222253642
2861 947873623
2878 899268633
2867 173490492
2863 784345436
2868 542872625
2861 38886772
2854 74791633
2874 907848465
2866 819271370
2893 928729633
2884 338119506
2866 816323538
2855 361950568
2873 983007262
2864 502257759
2868 868049270
2861 494248005
2856 162075291
2856 643880754
2885 60800531
2861 773406467
2858 404972523
2850 868627270
2866 389430269
2864 852069901
2843 398977391
2857 118463621
2872 777900083
2878 292690985
2862 268774961
2853 718330133
2852 448059072
2859 718133504
2863 983890652
2858 696380964
2859 878049505
2857 636388877
2864 821163954
2860 771622363
2862 776710445
508 605958020
2869 816980755
2860 947265479
2867 401127114
2883 149045410
2873 876255765
2863 245862802
2861 177633117
2845 434448060
2871 476091252
2876 967931117
2864 51192143
2876 612119100
2868 209243014
2872 312374621
2864 761248743
2870 73003822
2863 714428189
2864 68020953
2864 766572045
2877 888303260
2844 874068434
2889 535534556
2870 551564633
2865 537913636
2860 361888148
2877 287853692
2837 841014701
2847 285882835
2884 482217898
2878 751920705
2865 227672904
2873 677510963
2871 679757931
2855 867189924
2867 298915024
2869 794978158
3517 370515638
2850 74701544
2886 673382863
2878 361004217
2870 81917245
2876 691867894
2856 797379054
2864 6082159
2868 571392049
2861 673702802
2856 425062662
2866 513826106
2879 338033689
2858 75032852
2893 478121318
2875 480485159
2890 523095658
2878 565036672
2880 201234253
2870 882937043
2871 126768324
2853 648882688
2848 995214256
2855 347962822
2839 437225101
2875 996461729
2882 221212846
2870 462105567
2869 621488970
2861 846501580
2886 29177153
2868 923273023
2865 952212808
2845 857017131
2844 147531139
2868 70349291
2879 423664540
2864 562657539
2867 557881566
2854 319957285
2871 6480909
2868 815485810
2868 392711084
2882 640499163
2862 705146493
2877 725089931
2870 258171536
2854 669832456
2872 378157048
2869 965329902
2850 996923269
2854 136104741
2878 880225657
2872 474129251
2875 872980487
2863 907217447
2872 544633243
2862 470941336
2857 630051193
2877 736514686
2858 289510254
2864 246773376
2872 468589544
2863 35117163
2856 85513053
2870 588408741
2882 658447927
2881 513095959
2872 230839994
2861 968397849
2873 20334668
2866 773901253
2867 902520813
2869 54610880
2863 143100792
2852 340418430
2874 185412502
2875 749546094
2847 45512247
2858 522350162
2871 72575184
2849 765884005
2871 584463556
2868 740868157
2853 55576038
2864 514411077
2861 887870613
2866 424527696
3083 384415153
2862 23574970
2878 451119208
2862 963080022
2869 593668403
2869 78403400
2874 574518534
2885 816181066
2867 788179942
2865 555843961
197 667208102
2878 15095859
2861 122897802
2866 891738791
2882 820702690
2882 440203486
2864 449162827
984 564821352
2857 313875070
2863 900684287
2868 67892728
2874 384000981
2866 738740436
2859 859716215
2858 735810569
2859 306984882
2867 828550206
2872 299288089
2870 792169666
2882 313641232
2868 838006880
2870 808752640
2867 575674022
2876 363677761
2850 500275395
2842 20137385
2835 122645131
2869 932438296
2855 286744941
2875 95544928
2867 858549975
2868 471746187
2881 531796095
2865 137945188
2854 520944562
2871 70263407
2866 276470119
2883 842021339
2879 525772460
2866 21968597
2868 625486604
2866 973348989
2878 461943029
2849 852051803
2858 381301293
2863 379280212
2859 688890000
2868 332817948
2871 74107447
2873 105356158
2864 691371059
2864 603968453
2876 449809565
2866 582328569
2862 936063143
2862 511334224
2863 204030450
2870 127235959
2867 503501916
2860 317688837
2890 996581031
2861 237492069
2865 719908543
2879 300865358
2862 501628210
2858 127338681
2850 183806011
2860 810729500
2852 748604699
2866 296567022
2866 765472823
2877 655065910
2857 136170421
2874 382918057
984 564821352
2878 796250104
2859 301352920
2868 983368684
3234 244735468
2867 601285324
2863 923028064
2854 94794316
2862 794447203
2855 427583445
2876 175596299
2862 812192609
2865 271024886
2877 872525217
2876 342946467
2880 731066293
2873 310525941
2858 133899364
2879 235729321
2871 124539249
2860 239715761
2857 883116229
2867 993881963
2842 344850143
2865 703746147
2866 360298386
2839 746096796
2872 492008780
2856 97776064
2882 859805761
2861 7900747
2869 356995779
2878 552412636
2859 149177838
2874 649917205
2864 13821800
2879 793032043
2877 661787415
2878 81107029
2873 207094967
2869 584232641
2865 841518622
2873 588429605
2880 674387052
2875 255844737
2873 717419367
2877 536065633
2856 56781619
2872 735752604
2876 450385086
2858 182764907
2856 203465167
2868 497430219
2858 421139187
2845 685724958
2847 553448608
2870 606865414
2870 790753341
2880 276367091
2850 294083807
2871 191827984
2879 955018470
2865 594316866
2860 359505842
2861 863050640
2864 795512855
2870 478470992
2866 907917290
2859 854561464
2873 246943737
2863 846224614
3196 393787432
2850 174590663
2860 116249389
2857 512358255
2847 721686340
719 727420849
2876 254692721
2870 726864653
2862 9056957
2860 830464540
2869 535876204
2873 640072536
2873 345414531
2873 295945450
2887 878641021
2858 694472790
2854 672618029
2863 399475455
2867 89020214
2874 994693247
2873 782959650
2876 894637868
2862 474617728
2875 439702210
2887 19290223
2859 483940772
2869 531267529
2887 772080086
2876 713740467
2870 170850768
2872 907548106
2879 710229651
2865 344639712
2885 503822440
2842 262032693
2872 650211758
2872 52945093
2851 393811150
2879 286796498
2888 385667050
2863 729308684
2876 897613841
2866 91669499
2867 981084052
2850 285538084
2871 274355433
2872 372005505
2882 707570771
2866 602655033
508 605958020
2861 368892520
2862 138239307
2862 25042577
2861 865374884
2858 456103977
2874 390479682
2853 666413023
2874 821791569
2858 546181205
2869 600893653
2877 165270114
197 667208102
2880 961771724
2868 437836254
2859 984053900
2868 4304471
2867 737711238
2867 966520393
2844 404039906
2869 592957444
2866 732969958
2854 155547580
2866 552453832
2867 391001081
2879 803223003
2863 245041766
2878 516434283
2873 644467965
2868 968282126
2868 191989833
2861 475462481
2878 620055715
2872 494058960
2863 41818066
2834 121853505
2859 42090998
2888 478164911
2868 916399938
2874 968080870
2879 582380130
2868 554448646
2860 772769360
2852 962266808
779 556749963
2866 19742787
2862 572933434
2865 335397573
2862 6125669
2882 746393255
2859 821042964
2879 440973878
2887 48506185
2853 810833170
2859 644128129
2875 833774224
2860 32154419
2844 634761023
2863 490054151
2874 290547360
2876 220727877
2864 987031159
2856 923380651
2862 941797819
2881 879886599
2869 845636748
2865 634830285
2860 843466685
2857 912200397
2869 6493494
2862 321649588
2867 987836844
2871 982338572
2965 413855223
2965 983684648
2965 972490595
3317 608690903
2965 345623627
2965 506063476
2965 629142412
2965 490694957
2965 521562779
2965 737637533
2965 250160797
2965 837823673
2965 951463777
2965 746944498
2965 315309552
2965 293864951
2965 143752744
984 564821352
985 954195424
984 564821352
984 564821352
984 564821352
984 564821352
984 564821352
984 564821352
984 564821352
984 564821352
984 564821352
984 564821352
984 564821352
985 953763342
985 488648086
984 564821352
985 371770681
984 564821352
984 564821352
984 564821352
984 564821352
984 564821352
984 564821352
984 564821352
984 564821352
984 564821352
984 564821352
984 564821352
984 564821352
984 564821352
984 564821352
984 564821352
984 564821352
983 424029319
984 564821352
984 564821352
984 564821352
984 564821352
984 564821352
985 11406445
984 564821352
984 564821352
984 564821352
984 564821352
984 564821352
984 564821352
984 564821352
984 564821352
984 564821352
984 564821352
984 564821352
984 564821352
984 564821352
3020 397978758
3020 814018564
3020 726297185
3020 112247532
3020 813899996
3020 725467209
3020 106437700
3020 773231172
3020 440785441
975 571645718
975 571645718
975 571645718
975 571645718
975 571645718
975 571645718
975 571645718
975 571645718
975 571645718
975 571645718
975 571645718
975 571645718
975 571645718
3033 73615717
3033 755031535
3033 524942226
3033 914317077
3033 639941013
3033 719308579
3033 274881534
3033 163892240
3033 386967189
3033 948491825
3033 879164249
3034 61583509
3033 996820021
3033 217461614
3033 761952807
3033 573391130
3033 253459398
3033 13937288
3033 337282532
3033 600699226
3033 444616070
3033 352033985
3033 703959397
3033 167437260
3033 411782329
3033 122197798
3033 95106095
3033 905464181
3033 577970741
3033 285516675
3033 238338227
3033 908089098
3033 596345160
3033 414137608
3033 138684751
3033 210514766
3033 713324871
3033 232995578
3033 870690555
3033 334555359
3033 581609015
3033 310984593
3033 416613653
931 653351061
932 223359947
932 450989393
931 653351061
931 653351061
931 653351061
932 526729654
931 653351061
931 653351061
931 653351061
931 653351061
931 653351061
931 653351061
931 653351061
931 653351061
931 653351061
931 653351061
3050 670748359
3050 489796176
929 223715486
929 223715486
929 223715486
929 223715486
929 223715486
929 223715486
929 223715486
929 223715486
929 223715486
929 223715486
929 223715486
929 223715486
929 223715486
929 223715486
929 223715486
929 223715486
929 223715486
929 223715486
929 223715486
929 223715486
929 223715486
929 223715486
929 223715486
929 223715486
930 601429743
929 223715486
929 223715486
929 223715486
930 566017345
929 223715486
928 800001548
929 223715486
3083 380351491
3083 162205502
3083 635183593
3083 946030209
3083 121956500
3083 353440579
3083 973829125
3083 316548912
3083 715587456
3083 508857243
3083 61745759
3083 931965399
3083 23502830
3083 664264896
3083 149599323
3097 448155059
3083 328327438
3083 798037138
3083 86005010
3083 101780149
3083 212206122
3083 985187933
3083 396060568
3083 272169041
3083 404928359
3083 334243578
3083 839450118
3083 375895870
3083 131016155
3083 416858164
3083 417752213
3083 424010556
3083 467818957
3083 774477764
3083 921089399
3083 947370837
3083 131340896
3083 419131351
3083 433664522
3083 535396719
3083 247522091
3083 232399709
3083 126543035
3083 385546324
3083 198569333
3083 889730410
3083 727857914
3083 594750449
3083 662998201
3083 140732458
3083 484872285
3083 893851060
3083 756702464
3083 796662299
3083 76381137
3083 34413038
3083 740636352
3083 684199515
3083 289141656
3083 523736664
3083 165901706
3083 661057021
3083 127144198
3083 389754465
3083 228026320
3083 95929312
3083 171250263
3083 698496920
3083 389223491
3083 224309502
3082 192522706
3083 989126188
3083 423628353
3083 465143536
3083 755749817
3083 789993770
3083 29701434
3083 707655124
3083 453330919
3083 673061498
3083 211175537
3083 977973838
3083 345561903
3083 918678393
3083 930493795
3083 13201602
3083 592156300
3083 644839158
3083 13619157
3083 595079185
3083 665299353
3083 156840522
3083 597628733
3083 683146189
3083 281768374
3083 472123690
3083 804610895
3083 132021309
3083 423894242
3083 467004759
3083 768778378
109 580479960
3083 993609016
3083 780516242
3083 288866831
3083 847320982
3083 756500011
3083 120753214
3083 670525670
3083 518932834
3083 457782989
3083 29734074
3083 33391690
3083 58995002
3083 238218186
3083 492780467
3083 274716420
3083 748268105
3083 63129872
3083 267162276
3083 695389097
3083 692976823
3083 676090905
3083 557889479
3083 730479504
3083 938609672
3083 395520834
3083 593898996
3083 982546123
3083 703075991
3083 746785081
3083 52748704
3083 194494100
3083 186711865
3083 132236220
3083 750906712
3083 81600121
3083 396454019
3083 600431291
3083 28272181
3083 23158439
3083 987362252
3083 736788894
3083 982775402
3083 704680944
3082 261798195
3083 131391401
3083 744992979
3083 40203990
3083 106681102
779 556749963
779 556749963
779 556749963
779 556749963
779 556749963
779 556749963
779 556749963
781 459258431
779 556749963
779 556749963
779 556749963
779 556749963
779 556749963
3097 320918606
3097 305766225
3097 199699558
3097 457232896
3097 259966248
3097 879099726
3097 213034037
3097 550574249
3097 913355719
3097 452825988
3097 229117892
3097 663161234
3097 701464607
3097 969588218
3097 846453481
3097 984510329
3097 950908258
3097 715693761
3097 69192289
3097 543682020
3097 865110116
3097 115106767
3097 865083366
3097 114919517
3097 863772616
3097 105744267
3097 799545866
3097 656157024
3097 652435137
3097 626381928
3097 444009465
3097 167402231
3097 231151607
3097 677397239
3196 734742288
3097 667152456
3097 729403161
3097 165158089
3097 215442613
3097 567434281
3097 31375936
3097 278967549
3097 12108826
3097 144097779
3097 68020443
3096 867648867
3097 807689662
3097 713163596
3097 51481134
3097 419703935
3097 997263528
3097 40180644
3097 340600505
3097 443539518
3097 164112602
3097 208124204
3097 516205418
3097 672773902
3097 768753283
719 727420849
719 727420849
719 727420849
719 727420849
719 727420849
719 727420849
719 727420849
719 727420849
719 727420849
719 727420849
719 727420849
719 727420849
719 727420849
719 727420849
719 727420849
719 727420849
719 727420849
719 727420849
719 727420849
719 727420849
719 727420849
719 727420849
719 727420849
719 727420849
719 727420849
719 727420849
719 727420849
719 727420849
719 727420849
719 727420849
719 727420849
719 727420849
719 727420849
720 91947802
719 727420849
719 727420849
719 727420849
719 727420849
719 727420849
719 727420849
719 727420849
719 727420849
719 727420849
719 727420849
719 727420849
719 727420849
719 727420849
719 727420849
719 727420849
719 727420849
719 727420849
719 727420849
719 727420849
719 727420849
719 727420849
719 727420849
719 727420849
719 727420849
719 727420849
719 727420849
719 727420849
719 727420849
719 727420849
719 727420849
719 727420849
719 727420849
719 727420849
719 727420849
719 727420849
719 727420849
719 727420849
719 727420849
719 727420849
719 727420849
719 727420849
719 727420849
719 727420849
719 727420849
719 727420849
720 486520527
719 727420849
719 727420849
719 727420849
719 727420849
719 727420849
719 727420849
719 727420849
720 878526995
719 727420849
719 727420849
719 727420849
719 727420849
3196 242790696
3196 24222442
3195 410142011
3195 369695914
3196 815489712
3196 33115526
3196 556496266
3196 220161418
3196 865817503
3196 385410063
3196 22558004
3196 482593612
3196 702842847
3196 244587478
3196 36799916
3196 582286996
3196 400696528
3196 129563259
3196 231630390
3196 946100307
3196 947389691
3196 956415379
3196 19595188
3196 461853900
3196 557664863
3196 228341597
3196 923078756
3196 786238834
3196 828359387
3196 123203251
3196 187110334
3196 634459915
3196 765906961
3196 686036276
3196 126941481
3196 213277944
3196 817633185
3196 48119837
3196 661526443
3196 955372657
3196 12296134
3196 410760522
3196 200011217
3196 724766096
3196 398050221
3196 111039110
3196 101961347
3196 38417006
3196 593606626
3196 479933938
3196 684225129
665 563635290
665 563635290
665 563635290
665 563635290
665 563635290
665 563635290
666 325688820
665 563635290
665 563635290
3205 314304504
3205 810272393
3205 282047588
3205 584473981
3205 701458718
3205 520351870
3205 252603941
3205 378368452
3205 258720022
3205 421181019
3205 558407991
3205 518996788
3205 243118367
3205 311969434
3205 793926903
3205 167629158
3205 783544978
3205 94955683
3205 274830653
3205 533955436
3205 347828903
3205 44943179
3205 924743132
3205 83342754
3205 193540150
3205 964921922
3205 364594284
3205 162300846
3205 746246794
3205 833868402
3205 447219651
3205 740678415
3205 794889749
3205 174369080
3205 830724432
3205 425211861
3205 586623885
3205 716508046
3205 625697166
3205 990021013
3205 540287921
3205 392156298
3205 355234944
3205 96785466
3205 287639134
3205 623614803
3205 975444472
3205 438252134
3205 677905796
3205 355481416
3205 98510770
3205 299716262
3205 708154699
3205 567223737
3205 580707010
3205 675089921
3205 335770291
3205 960532902
3205 333871144
3205 947238873
3204 31525882
3205 295831452
3205 680961029
3205 376868047
3205 248217187
3205 347661174
3205 43769076
3205 916524411
3205 25811707
3205 790822828
3205 145900633
3205 631445303
3205 30257965
3205 821946634
3205 363767275
3205 156511783
3205 705723353
3205 550204315
3205 461571056
3205 841138250
3205 498108587
3205 96900960
3205 288447592
3205 629274009
3205 15058907
3205 715553228
3205 619013440
3205 943234931
3205 212785347
3205 99638294
3205 307608930
3205 763403375
3205 953964469
3205 287892113
3205 625385656
3205 987840443
3205 525023931
3205 285308368
3205 607299441
3205 861236938
3205 638799403
3467 138874158
562 706948795
562 706948795
562 706948795
562 706948795
562 706948795
562 706948795
562 706948795
562 706948795
562 706948795
562 706948795
562 706948795
562 706948795
562 706948795
562 706948795
562 706948795
562 706948795
562 706948795
562 706948795
562 706948795
562 706948795
562 706948795
562 706948795
562 706948795
562 706948795
562 706948795
562 706948795
3231 791937232
3231 660358383
3231 739306447
3231 291942888
3230 136251148
3231 239583759
3231 793884100
3231 673986459
3231 834702979
3231 959718612
3231 834828036
3231 960594011
3231 840955829
3231 3488555
3231 141217679
3231 105321540
3231 854048574
3231 95137770
3231 782762184
3231 596133047
3231 289729095
3231 144901445
3231 131107902
3231 34553101
3231 358669501
3231 627484287
3231 509187775
3231 681112198
3231 884583152
3231 308879816
3231 278956492
3231 69493224
3231 603250362
529 370537842
529 370537842
529 370537842
3234 932202804
3234 788358373
3234 781447363
3234 733070293
3234 394430803
3234 23954387
3234 430619496
3234 277275238
3234 203865439
3234 689996853
3234 92916723
3234 913355848
3234 656429681
3234 857946526
3234 268564427
3234 142889762
3234 263167114
3234 105108571
3234 998698784
3234 253830226
508 605958020
508 605958020
508 605958020
508 605958020
508 605958020
508 605958020
508 605958020
508 605958020
508 605958020
508 605958020
508 605958020
508 605958020
508 605958020
508 605958020
508 605958020
508 605958020
508 605958020
508 605958020
508 605958020
508 605958020
508 605958020
508 605958020
508 605958020
508 605958020
510 692410176
508 605958020
508 605958020
508 605958020
508 605958020
508 605958020
508 605958020
508 605958020
508 605958020
508 605958020
508 605958020
508 605958020
508 605958020
508 605958020
508 605958020
508 605958020
508 605958020
508 605958020
508 605958020
508 605958020
508 605958020
508 605958020
508 605958020
508 605958020
508 605958020
508 605958020
508 605958020
508 605958020
508 605958020
508 605958020
508 605958020
508 605958020
508 605958020
508 605958020
508 605958020
508 605958020
508 605958020
508 605958020
508 605958020
508 605958020
508 605958020
508 605958020
508 605958020
508 605958020
508 605958020
508 605958020
508 605958020
508 605958020
508 605958020
508 605958020
508 605958020
508 605958020
3312 985559894
3312 288375325
3312 408083377
3312 246039734
3312 111734240
3312 171595789
3312 590626632
3312 523842512
3312 56353672
3312 783931820
497 821885977
497 821885977
497 821885977
497 821885977
497 821885977
3317 935236765
3317 821780785
3317 27588925
3317 468245947
3317 552845080
3317 145039004
3317 290396493
3317 307898909
3317 430415821
3317 288034198
3317 291362844
3317 314663366
3317 477767020
3317 619492591
3317 611571581
3317 556124511
3317 167995021
3317 451088612
3317 432743735
3317 304329596
3317 405430630
3317 113137861
3317 67088492
3317 744742916
3317 488323849
3317 693390394
3317 128856195
3317 177116830
3317 514941275
3317 879712376
3317 433110062
3317 306893885
3317 423380653
3317 238788022
3317 946639619
3317 901600763
3317 586328771
3317 379424841
3317 931097345
3317 792804845
3317 824757352
3317 48424894
3317 614097730
3317 573807554
3317 291776322
3317 317557712
3317 498027442
3317 761315545
3317 604332252
3317 505449208
3317 813267907
3317 967998786
3317 51114925
3317 632927947
3317 705619073
3317 214456948
3317 776322101
3317 709378144
3317 240770445
3317 960516580
3317 998739490
3317 266299853
3317 139222429
3317 249680468
3317 22886734
3317 435330610
3317 322437721
3317 532187505
3317 435979
3317 278175325
3317 222350733
3317 831578596
3317 96173602
3317 948338686
3317 913494232
3317 669583054
3317 962204822
3317 10557177
3317 349023711
3317 718289435
3317 303149482
3317 397169832
3317 55312275
3317 662309397
3317 911289223
3317 654147991
3317 854159381
3317 254239097
3317 54797137
3317 658703431
3317 886047461
3317 477455657
3317 617313050
3317 596314794
3317 449327002
3317 420412465
3316 742842181
3317 801198407
3317 883512286
3317 459709432
3317 493089475
3317 726749776
3317 362371869
3317 811726541
3317 957209224
3317 975587998
3317 104239409
3317 4799328
3317 308718768
3317 436154834
3317 328207289
3317 572574481
3317 283144811
3317 257137135
3317 75083403
3317 800707293
3317 880074488
377 811058304
377 811058304
377 811058304
377 811058304
377 811058304
377 811058304
377 811058304
377 811058304
377 811058304
377 811058304
377 811058304
377 811058304
377 811058304
377 811058304
377 811058304
377 811058304
377 811058304
377 811058304
377 811058304
377 811058304
377 811058304
377 811058304
377 811058304
377 811058304
377 811058304
377 811058304
377 811058304
377 811058304
377 811058304
377 811058304
377 811058304
377 811058304
377 811058304
377 811058304
377 811058304
377 811058304
377 811058304
377 811058304
377 811058304
377 811058304
377 811058304
377 811058304
377 811058304
377 811058304
377 811058304
377 811058304
377 811058304
377 811058304
3365 452751047
3365 902047590
3365 47123363
3365 62653816
3365 171366987
3365 932359184
3365 259304521
3365 547921915
3365 568243659
3365 710495867
3365 706261316
3365 676619459
3365 469126460
3365 16675474
3365 849518600
3365 679420440
307 920804231
3365 298046214
3365 963236437
3365 619567963
3365 213888659
3365 374133552
109 580479960
3365 617562040
3365 469561741
3365 433559655
3365 181545053
3365 417442853
3365 68727439
3365 627719562
3365 540664395
3365 931278233
3365 665575078
3365 805653007
3365 786198503
3365 650016975
3365 696746286
3365 23851456
3365 313587681
3365 341741242
3365 538816169
3365 918340651
3365 575012004
3365 171711489
3365 348607905
3365 586882810
3365 254807131
3365 930277399
3365 658569240
3365 756612141
3365 442912441
3365 247014555
3365 875729367
3365 276733016
3365 83758587
3365 732937598
3365 277190640
3365 86961955
3365 755361174
3365 434155672
3365 185717172
3365 446647686
3365 273161270
3365 58756365
3365 557922044
3365 52081769
3365 511199872
3365 725026572
3365 221813458
3365 699321688
3365 41879270
3365 439782379
307 920804231
307 920804231
307 920804231
307 920804231
307 920804231
307 920804231
307 920804231
307 920804231
307 920804231
307 920804231
307 920804231
307 920804231
307 920804231
307 920804231
307 920804231
307 920804231
307 920804231
307 920804231
307 920804231
307 920804231
307 920804231
307 920804231
307 920804231
307 920804231
307 920804231
307 920804231
307 920804231
307 920804231
307 920804231
307 920804231
307 920804231
307 920804231
307 920804231
307 920804231
307 920804231
307 920804231
307 920804231
307 920804231
307 920804231
307 920804231
307 920804231
307 920804231
307 920804231
307 920804231
307 920804231
307 920804231
307 920804231
307 920804231
307 920804231
307 920804231
307 920804231
307 920804231
307 920804231
307 920804231
3420 154297224
3420 54821515
3420 358491559
3420 484181853
3420 364013904
3420 522838268
3419 270889884
3420 417002589
3420 893759063
3420 231054353
3420 592121418
3420 119590852
3420 811876918
3420 657879345
3420 579896341
3420 34015313
3420 212848145
3420 464677962
3420 227486667
3420 567147616
3420 944774245
3420 588160627
3420 91865315
3420 617798159
3420 299328039
3420 70037213
3420 465001445
3420 229751048
3420 582998283
3420 55728907
3420 364843303
3420 528644061
3420 675249360
3420 701486446
3420 885146048
3420 170763248
3420 170083683
3420 165326728
3420 132028043
3420 898937255
3420 267301697
3419 524730689
3420 895710701
3420 244715819
3420 687751680
3420 789002686
3420 497759721
3420 459058980
258 267252694
258 267252694
258 267252694
258 267252694
258 267252694
258 267252694
258 267252694
258 267252694
258 267252694
258 267252694
3430 543679606
3430 220840134
3430 960963851
3430 141829828
3430 407891709
3430 270324862
3430 307356940
3430 566581486
3430 381153294
3430 83155957
3430 997174619
3430 395305204
3430 182219327
3430 690618202
3430 249410299
3430 160954999
3430 541767906
3430 207458234
3430 867290551
3430 486116735
3430 817900044
3430 140383186
3430 397765215
3430 199439404
3430 811158741
3430 93194065
3430 67441368
3430 887172496
3430 625290350
3430 792115342
3429 834470614
3430 134314824
3430 355286681
3430 902089673
3430 729710589
3430 523057008
3430 76481948
3430 950456556
3430 68278763
3430 893034261
3430 666322705
3430 79341820
3430 970475660
3430 208412491
3430 873970350
3430 532875328
3430 145210188
3430 431554229
3430 435962502
3430 466820413
3430 682825790
3430 194863415
3430 779126818
3430 868970611
3430 497877155
202 374363136
202 374363136
202 374363136
202 374363136
202 374363136
202 374363136
202 374363136
202 374363136
202 374363136
202 374363136
202 374363136
202 374363136
202 374363136
202 374363136
202 374363136
202 374363136
202 374363136
202 374363136
202 374363136
202 374363136
202 374363136
202 374363136
202 374363136
202 374363136
202 374363136
202 374363136
202 374363136
202 374363136
202 374363136
202 374363136
202 374363136
202 374363136
202 374363136
202 374363136
202 374363136
202 374363136
202 374363136
3467 454391178
3467 162977274
3467 123079960
3467 843798769
197 667208102
197 667208102
197 667208102
197 667208102
197 667208102
197 667208102
197 667208102
197 667208102
197 667208102
197 667208102
197 667208102
197 667208102
197 667208102
197 667208102
197 667208102
197 667208102
197 667208102
197 667208102
197 667208102
197 667208102
197 667208102
197 667208102
197 667208102
197 667208102
197 667208102
197 667208102
197 667208102
197 667208102
197 667208102
197 667208102
197 667208102
197 667208102
197 667208102
197 667208102
197 667208102
197 667208102
197 667208102
197 667208102
197 667208102
197 667208102
197 667208102
197 667208102
197 667208102
197 667208102
197 667208102
197 667208102
3515 87382109
3515 921106692
3515 757178731
3515 609683011
3515 577212978
3515 349922747
3515 758891144
3515 621669902
3515 661121215
3515 937280406
3515 870394729
3515 402194990
3515 124796838
3515 183009788
3515 590500438
3515 442934967
3515 409976677
3515 179268647
3515 564312451
3515 259619058
3515 126765321
3515 196789169
3515 686956105
3515 118124629
3515 136304325
172 739678589
172 739678589
3517 46658522
3517 696108317
3517 242256847
3517 65296578
3517 826574709
3517 155521584
3517 458149744
3517 576546850
3517 405326585
3517 206784737
3517 816991815
3517 88441326
3517 988587945
3517 289614229
3517 396798252
3517 147086406
3517 399103498
3517 163223128
3517 512060552
3517 953922506
3517 46956156
3517 698191755
3517 256840913
3517 167385040
3517 541193936
3517 157856187
3517 474491965
3517 690942397
3517 206095407
3517 812166505
3517 54664156
3517 752147755
3517 634532913
3517 811229026
3517 48101803
3517 706211284
3517 312977616
3517 560341961
3517 291892362
3517 412745183
3517 258714923
3517 180503110
3517 633020426
3517 800641617
3517 973989947
3517 187428243
3517 681496357
3517 139973127
3517 349310545
3517 814672464
3517 72205869
3517 874939746
3517 494076843
3517 828036543
3517 165754422
3517 529779610
115 801701027
115 801701027
115 801701027
115 801701027
115 801701027
3522 211681021
3522 604983575
3522 358101432
3522 629926445
3522 532701522
3522 852127068
109 580479960
109 580479960
109 580479960
109 580479960
109 580479960
109 580479960
109 580479960
109 580479960
109 580479960
109 580479960
109 580479960
109 580479960
109 580479960
109 580479960
109 580479960
109 580479960
109 580479960
109 580479960
109 580479960
109 580479960
109 580479960
109 580479960
109 580479960
109 580479960
109 580479960
109 580479960
109 580479960
109 580479960
109 580479960
109 580479960
109 580479960
109 580479960
109 580479960
109 580479960
109 580479960
109 580479960
109 580479960
109 580479960
109 580479960
109 580479960
109 580479960
109 580479960
109 580479960
109 580479960
109 580479960
109 580479960
109 580479960
109 580479960
109 580479960
109 580479960
109 580479960
109 580479960
109 580479960
109 580479960
109 580479960
109 580479960
109 580479960
109 580479960
109 580479960
109 580479960
109 580479960
109 580479960
109 580479960
109 580479960
109 580479960
109 580479960
109 580479960
109 580479960
109 580479960
109 580479960
109 580479960
109 580479960
109 580479960
109 580479960
109 580479960
109 580479960
109 580479960
109 580479960
109 580479960
109 580479960
109 580479960
110 63359954
109 580479960
109 580479960
109 580479960
109 580479960
109 580479960
109 580479960
109 580479960
109 580479960
109 580479960
109 580479960
109 580479960
109 580479960
109 580479960
109 580479960
109 580479960
109 580479960
109 580479960
109 580479960
109 580479960
109 580479960
109 580479960
109 580479960
109 580479960
109 580479960
109 580479960
109 580479960
109 580479960
109 580479960
109 580479960
109 580479960
109 580479960
109 580479960
109 580479960
109 580479960
109 580479960
109 580479960
109 580479960
109 580479960
109 580479960
109 580479960
109 580479960
109 580479960
109 580479960
109 580479960
109 580479960
109 580479960
109 580479960
109 580479960
109 580479960
109 580479960
109 580479960
109 580479960
109 580479960
109 580479960
109 580479960
109 580479960
109 580479960
109 580479960
109 580479960
109 580479960
109 580479960
109 580479960
109 580479960
109 580479960
109 580479960
109 580479960
109 580479960
109 580479960
109 580479960
109 580479960
109 580479960
109 580479960
109 580479960
109 580479960
109 580479960
3682 545553528
3682 961349028
3682 871917507
3682 245896860
3682 863752366
3682 188740873
3682 463660457
3682 388097531
3682 859157056
3682 156573703
3682 238490267
3682 811906215
3682 825817823
3682 923199079
3682 604867864
3682 376549373
3682 778319950
3682 590713968
3682 277472101
3682 84779046
3682 735927675
3682 293968043
3682 200250640
3682 544228826
3682 952076114
3682 807007109
3682 791524081
3682 683142885
3682 924474520
3682 613795951
3682 439045982
3682 215796206
3682 653047788
3682 713808841
3682 139136205
3682 116427781
3682 957468820
3682 844756051
3682 55766668
3682 532841029
3682 872361535
3682 249005056
3682 885509738
3682 341042477
3682 529771678
3682 850876078
3682 98606857
3682 832722352
3682 971530782
3682 943189785
3682 744802806
3682 356093960
3682 635132059
3682 588398738
3682 261265491
3682 971332783
3682 941803792
3682 735100855
3682 288180303
3682 159736460
3682 260629566
3682 966881308
3682 910643467
3682 516978580
3682 761324392
3682 471745062
3682 444689766
3682 255302694
39 49268658
39 49268658
39 49268658
39 49268658
39 49268658
39 49268658
39 49268658
39 49268658
39 49268658
39 49268658
39 49268658
39 49268658
39 49268658
39 49268658
39 49268658
39 49268658
39 49268658
39 49268658
39 49268658
39 49268658
39 49268658
39 49268658
39 49268658
39 49268658
39 49268658
39 49268658
39 49268658
39 49268658
39 49268658
39 49268658
39 49268658
39 49268658
39 49268658
39 49268658
39 49268658
39 49268658
3718 756255256
3718 392050110
3718 842614109
3718 996562081
3718 74197871
3718 617648450
3718 421802475
3718 50880657
3718 454427952
3718 279258996
3718 53076311
3718 469797530
3718 386846042
3718 806185633
3718 741562749
3718 289202561
3718 122681266
3718 957032215
3718 797488816
3718 680685030
3718 863058535
3718 139673056
3718 75974738
3718 630086519
3718 508868958
3718 660346038
3718 720685591
12 478226481
12 478226481
12 478226481
12 478226481
12 478226481
12 478226481
12 478226481
12 478226481
12 478226481
12 478226481
12 478226481
12 478226481
12 478226481
12 478226481
12 478226481
12 478226481
12 478226481
12 478226481
12 478226481
12 478226481
12 478226481
12 478226481
12 478226481
12 478226481
12 478226481
12 478226481
12 478226481
12 478226481
12 478226481
12 478226481
12 478226481
12 478226481
12 478226481
12 478226481
12 478226481
12 478226481
12 478226481
12 478226481
12 478226481
12 478226481
12 478226481
12 478226481
12 478226481
12 478226481
12 478226481
12 478226481
12 478226481
12 478226481
12 478226481
12 478226481
12 478226481
12 478226481
12 478226481
12 478226481
3773 707115899
3773 5601861
3773 95003630
3773 720816013
3773 101502659
3773 766309216
3773 419955080
3773 995476149
3773 24123597
3773 224655782
3773 628381070
3773 454458065
0 0
0 0
0 0
0 0
0 0
0 0
0 0
0 0
0 0
