2046
1917 390952400
1923 59191545
1927 890485825
1921 650119122
1919 415171467
1916 663528186
1905 572511727
1928 300352027
1928 899087947
1921 479262932
1920 762203161
1902 999815635
1925 760421903
1904 709069884
1931 853895764
1925 950076685
1930 978728234
1919 390097421
1926 680801598
1917 592015121
1908 452586409
1912 799413986
1948 502133999
1890 738023078
1902 421776283
1918 455126342
1915 176676146
1911 461935990
1916 956039062
1913 889859332
1909 850754561
1921 172199019
1917 85401568
1924 305239749
1905 455221624
1904 238170678
1901 61534025
1910 451312380
1908 761409996
1921 279553627
1924 754070827
1916 303342760
1901 607857173
1912 780572923
1925 930131580
1913 163618702
1919 290838114
1923 383032500
1921 210637208
1910 848607678
54 769703464
1932 701476037
1929 402513038
1933 775974362
1922 106571336
1921 477093782
1924 917681380
1919 68672455
1919 602002918
1912 633381810
1927 672593284
1901 718246347
1922 934433161
1909 253993990
1913 48543692
1929 295523680
2013 547939608
1923 712496707
1889 945309055
1934 584505107
1930 461283369
1896 106822657
1914 737825666
1924 344736694
1921 405880394
1894 836288415
1910 533915567
1914 982420070
1900 26414619
1924 206273608
1918 935622741
1915 947598879
1919 473818820
1939 807724789
1908 817567467
1916 989251397
1920 756466770
1924 113455977
1928 593668764
1911 18787484
1922 273535249
1934 602969618
1909 160494203
1913 243491301
1931 132533789
2024 98283399
1889 706646081
1926 85348878
1930 312159084
1922 809281990
1908 737364254
1931 533495193
1923 908038848
1919 203186230
1895 108810481
1913 724339169
1909 384878364
1922 207096445
1901 266052265
1897 280327387
1919 148593129
1906 872592299
1921 28089266
1916 164168873
1891 863679627
1900 655183281
1923 974938798
1921 300333980
1912 517054804
1916 582882335
1919 564572954
1905 391375851
1921 661762741
1913 403094036
1902 266747549
1920 250074587
1912 715379663
1930 30067281
1915 631682521
1911 204698830
1914 696771054
1913 35243417
1904 988327967
1911 995541238
1918 572997488
1915 487662959
1903 790603477
1910 489221850
1909 803679178
1912 759824141
1912 712351074
1921 881054854
1899 215079689
1918 68558507
1927 547354478
1928 393898192
1927 433585810
1918 714613296
1913 578637460
1918 783713307
1914 952146775
1922 43341856
2023 588862638
1884 517918682
1914 204716701
1928 654489128
1933 505938798
1912 995360809
1933 492034236
1900 560085005
1909 772906791
1909 452151373
1915 81003169
1904 6235437
1911 233091138
1917 460722008
1914 798956231
1910 610382347
1905 223018248
1920 683252032
1907 656287514
1904 241810075
1913 870321379
1909 637098344
1906 816285052
1924 743315990
1912 926981705
1893 608916317
1906 567763897
1917 50625072
1919 395089250
1920 264687557
1922 418924485
1924 996621801
1928 932015083
1909 983598745
1911 986532250
1906 243626779
1891 847195543
1915 300068021
1922 805471857
1921 410387744
1904 612570655
2022 21002580
1913 769298828
1927 501756319
1907 979407721
1918 493943989
1913 400243153
1927 156476458
1919 41027288
1922 328917970
1911 736449877
1924 896225249
1907 418756422
1904 611338537
1924 127627505
1923 764073738
1917 685118216
1909 966976697
1910 777482950
1930 854453202
1924 397445316
1917 969047685
1916 977803629
1920 676596156
1924 398451390
1923 944045732
1914 595571112
1919 692823201
1927 307518592
1905 658772929
1918 582251925
1915 492521841
1903 405652688
1894 138680900
1903 905672150
1919 120580065
1923 56245856
1923 547382847
1922 504535300
1916 903256191
1923 252896108
1906 256203944
1913 395840202
2035 711474352
1913 620997287
1908 494302168
1924 149645304
1931 205286487
1928 496878202
1907 848836372
1917 629134258
1915 185747028
1919 932962716
1913 285702711
1898 570303992
1901 95164350
1908 741172549
1924 729612327
1931 153034229
1921 350818348
1914 852986384
1910 109609944
1914 887713060
1932 613600943
1905 680444128
1916 795907642
1910 139817723
1911 51696977
1906 309871400
1903 859832534
1901 513114803
1915 135175708
1927 948915624
1902 128825120
1920 392875595
1908 951305403
1939 647869547
1904 761589125
1907 524610206
1926 617409652
1895 936290206
1918 606907847
1926 137503930
1919 108516258
1909 622570738
1912 573817022
1909 34430492
1898 237985468
1908 127621082
1925 247963388
1924 69328880
1912 653730588
1908 256736883
1906 290142278
1910 158115868
1909 339696363
1932 30068544
1906 620593893
1913 771878127
1922 214794362
1921 58643967
1910 212759095
1909 570077547
1918 710268201
1906 258570098
1919 21995860
1899 85009003
1913 922594536
1934 392175922
1917 861132531
2024 343154071
1907 139817793
1918 187227350
1908 37915920
1909 784956819
1918 846334361
1918 785200236
1920 180278530
1945 824548658
1920 214577270
1930 763746888
1911 633101884
1907 514482969
1921 747978158
1916 126356307
1917 457355941
1895 602176218
1935 862068166
1927 916711629
1917 781354458
1902 584439673
1922 759177672
1929 99547165
1908 500322671
1931 860010814
1901 420446867
1916 260372869
1924 850905974
1916 321979901
1905 607206260
1919 370154889
1907 296329896
1917 759245077
1912 379766805
1915 902686963
1901 159128978
1923 295181666
1913 519876777
1921 730725140
1909 586550768
1909 913359740
1922 861614510
1913 286222321
1923 914140889
1919 468300545
1909 564332840
1910 698371856
1930 92754483
1895 164441436
1940 797472803
1921 486981030
1899 146410112
1918 402214869
1911 334095349
1906 642953043
1906 471427341
1902 156621144
1924 674827381
1916 331088781
1926 416438698
1894 213036621
1912 242807567
1924 884863351
1901 396750563
1914 641968419
1922 335025624
1916 958455282
1922 369741110
1906 247878028
1915 144771386
1909 316287849
1901 863101499
2022 781297784
1903 207168464
1917 554619953
2023 980318082
1910 668062716
1910 835417648
1920 153469571
1918 909077023
1929 805609453
1923 681987011
1929 379149451
1927 911757454
1916 384163930
1931 596761373
1919 330127402
1921 286209144
2039 719494481
1918 237687991
1928 873068323
1916 938957787
1936 783186303
1919 294645356
1917 958674467
1919 513214335
1905 645311001
1904 963653135
1924 968345843
1932 483198275
1928 456043557
1918 97933506
1915 933070905
1917 477994536
1912 336016066
1926 32276214
1922 422032846
1929 957016527
1922 475855816
1911 162375817
1908 498251926
1904 699868804
1902 960601696
1913 668591567
1953 531810742
1911 862388675
1908 959709527
1920 787128608
1925 182161042
1923 347164238
1924 779908331
51 476609723
1912 599480116
1915 967418222
1926 756285440
1933 936034626
1903 336705225
1916 967356279
1923 33014410
1912 161463323
1936 568085479
1921 229234341
1910 807425767
16 94518958
1916 475001434
1919 696691596
1916 69304759
1907 632099754
1931 3209601
1912 483801956
1914 434128484
1911 328201513
1925 388651102
1914 339706286
1892 790729881
1906 602312286
1924 185303646
1914 301293076
1899 13934229
1931 404413525
1915 686474546
1923 125521852
1913 890265419
1913 255167653
1912 783830758
1898 322300615
1920 276191367
1917 625382791
1917 855303339
1909 631519493
1904 249950592
1912 90602639
1904 913342881
1903 349591907
1921 491072051
1923 27828765
1926 896629165
1931 476634347
1912 121361827
1907 924205872
1922 190298560
1914 320819206
1910 857016227
19 394796617
1920 11210882
1909 680865522
1917 416853104
1912 589370989
1918 904037747
1929 20388426
1903 587258591
1899 781713536
1902 742206137
1904 839281833
1897 304033337
1910 903910452
1931 179302164
1913 804517846
1909 346134058
1910 436778838
1899 146746687
1916 270931626
1930 187209889
1934 581618551
1899 952677038
1914 135505189
1910 764405214
1918 339045997
1909 761050240
1915 942055434
1901 939883617
1912 789157892
1929 61355841
1923 838096852
1906 308684019
1907 850018761
1928 572529455
1916 638116582
1901 719229045
1941 231031433
1905 559978894
1933 753371905
1915 452150419
1931 270214228
1934 770632323
1916 263414044
1923 302543372
1902 88558828
1908 45292361
1920 216384854
1919 351155829
1904 835327486
1925 276854501
1899 544560140
1928 687980828
1909 183611711
1921 122453360
1908 357745996
1916 1632423
1918 482885027
1930 772489520
1909 936379127
1924 243370579
1911 214649947
1908 992705569
1916 12375421
1923 476712098
1917 531874561
1911 681360416
1913 702346162
1919 85139611
1905 128667476
1910 134840380
1928 186281316
1906 614483606
1921 961895086
1929 50529434
1921 457674916
1920 295384271
1931 461076937
1925 337728006
1908 732130383
1929 397742688
59 766362123
1927 759051200
1916 125093199
1931 674809031
1903 23606376
1925 278150621
1924 114282240
1923 28193590
1915 539825706
1924 274310859
1930 48446751
2022 837093228
1927 782007156
1915 101836001
1922 760842174
1904 298530728
1907 708352786
1921 802382328
1911 172786470
1918 454805422
1909 662087040
1920 999497282
1906 978449426
1921 374551722
1928 685345900
1923 534825630
1930 883689564
1908 654651713
1917 933693203
1934 475622724
1896 490484370
1909 775980786
1919 271767934
1906 542459915
1904 96114807
1919 175802524
1923 28442570
1905 507433896
1917 984091655
1902 993866743
1919 400174439
1925 762069987
1919 50262996
1932 636834083
1924 959384103
1921 613784393
1912 952070600
1904 386275584
1892 285309720
1920 861073077
1916 242767272
1907 970840268
1904 862176077
29 379387590
1919 644231476
1929 999835838
1917 309611868
1918 704983808
1916 347755787
1914 31276979
1909 992851954
1918 409484212
1902 788140917
1921 672479031
1929 169603075
1898 456930326
1921 291528678
1907 180089785
1927 196574518
1930 696271434
1912 111252167
1913 731327638
1913 86729507
1929 205091139
1924 411647300
1911 173536892
1931 191664274
1922 602394841
1915 722814010
1914 478102087
1926 907853596
1913 28117961
1910 696540600
1915 88727909
1916 749818001
1908 396377844
1910 452580466
1927 648746750
1909 213936117
1914 927358223
1926 863714650
1907 81219731
1910 457500702
1928 729602083
1907 946749119
1927 468429291
1917 972508338
1933 715071909
1911 528592126
1917 562446705
1912 326018179
1925 361935552
1921 69948408
1923 144453024
1922 109158467
1916 864909945
1924 299568118
1910 189796632
2014 543080433
1902 355855076
1921 775867193
1909 716077442
1922 575579987
1917 368513692
1919 282173312
1914 569534945
1913 931732166
1927 956477124
1907 162206178
1928 282412976
1904 210055807
2021 765619260
1911 759622602
1909 81322994
1906 628901122
1894 285030911
1893 843694837
1912 465508819
1902 323469976
1908 37944676
1918 77358525
1921 422339100
1912 652233900
1893 62833257
1918 499585353
1929 195786713
1918 738277388
1918 285194201
1917 492235078
1929 113797091
1907 84594308
1907 933065508
1927 967194645
1935 797541168
1923 438716166
1936 473563610
1910 555636881
1919 245397584
1915 217416112
1905 625469054
1904 663159138
1921 954466940
1921 651168856
1917 29160402
1898 18178864
1904 127876937
1904 974370007
1926 224712395
1928 658204757
1923 481788689
1905 390067314
1925 481386405
1927 292027317
1917 128983499
1928 811927832
1927 348840354
1927 178243419
1928 484848962
1930 753741925
1928 821054516
1916 670895259
1917 101511300
1893 724302873
1924 152358933
1917 682751285
1915 648016618
1898 843087923
1912 98154217
1908 61491218
1920 882324355
1910 749818886
1922 732263480
1919 952109492
1904 820735768
1902 849264457
1923 58640536
1928 303114586
1905 546744573
1901 784367214
1915 702359343
1928 165385583
1905 259140286
1914 347999195
1917 823412611
1926 694383885
1904 403523219
1921 749120820
1924 694919330
1928 645801747
1926 205649993
1921 192306127
1898 694385965
1926 358214420
1911 461139472
1920 186672884
1913 935293219
1904 533307793
1905 506678180
1929 790651876
1908 261095713
1933 663221625
1927 500699997
1883 40104336
1905 412178586
1917 587963014
1925 71829158
1900 636503445
1918 450746179
1908 266666452
1920 321443069
1925 768210881
1922 181060631
1925 922641628
1911 393938640
1915 332764098
1897 303978516
1917 778913368
1909 78832993
1931 984244361
1924 6036577
1915 963577369
1924 731253131
1914 448949012
1922 56687883
1916 199540971
1923 216087978
1931 551521915
1933 38030146
1913 352978277
1921 40925986
1925 422613941
1917 29863489
1926 779255828
1922 559932292
1907 829450993
1918 350053030
1909 685851351
1906 452802037
1909 140418208
1918 751467384
1940 161371588
1918 534157676
1909 662551824
1920 76152638
1900 760815934
1923 162472030
1899 110734470
1879 499740567
55 564101281
2043 618967150
2034 425284737
1899 616008406
1950 494356960
1911 257622906
1920 950425639
1923 131855344
1933 314312900
1929 711247103
1926 201623166
1916 170438748
1908 490816908
1932 895509970
1899 252736307
2012 283313699
1905 824561376
1918 876366663
1920 696075534
1910 635761754
1900 916615777
1915 555218802
1907 409210727
1908 755584016
1907 854748721
1909 630667420
1912 662161137
1915 656938359
1919 826980721
1914 627405541
1920 256622852
1907 824789142
1922 638769542
1935 969708332
1917 471663721
1928 239721351
1919 320403431
1915 595062208
1918 874375532
1919 85984219
1911 842347299
1919 463971613
1921 204612449
1923 83768261
1922 789668638
1900 727347392
1915 561579348
1929 949196407
1906 256729800
1906 219372604
1926 237713946
1914 722405482
1922 341139015
1909 538681846
1935 545846444
1920 89164004
1922 438834997
1919 312530288
1906 68981801
1923 10891766
1928 512321192
1934 295748556
1915 918868078
1918 692809068
1913 842793675
0 0
1924 746881034
1919 754991621
1919 925184181
1930 133250668
1898 718352905
1918 231605487
1909 901324146
1925 390609946
1920 584350321
1928 962126362
1917 935768967
1917 505199771
1911 614513738
1918 758840867
1917 122738797
1905 768962898
1922 844983823
1915 673427131
1915 907656786
1914 39059416
1903 808476564
1918 378641490
1936 626871603
1914 317802374
1913 415455523
1901 619271957
1936 524026248
1920 853741217
1916 534889835
1926 370063574
1932 493124046
1915 657051327
1912 728762009
1908 912364355
1914 535413491
1917 605822830
1909 397708726
1926 348926178
1916 366825810
1924 67980018
1916 839760367
1926 146287299
1914 776745964
1912 394719016
1928 53965258
1919 41389936
1917 145360349
1916 786870456
1933 632085342
1920 629169206
1913 462895305
1920 954822858
1922 677485989
1913 771603480
1911 677747978
1905 130319220
1929 175454512
1911 807599536
1909 575502607
1923 461686884
1925 180383204
1928 441549870
1925 253250719
1918 557545100
1931 108062487
1923 181425230
1895 267167965
1932 299577595
1909 159414499
1906 490118889
1913 626913109
1930 921763688
1913 58059280
1912 538716414
1919 561874513
1919 811581023
1914 418209828
1917 344634570
1912 929878758
1917 23732486
1909 152487284
1893 575678598
1927 284656677
1908 483173930
1921 41216833
1918 196156577
1914 947139303
1884 742855139
1931 410812558
1895 835623829
1904 94394338
1910 43700096
1912 204726043
1927 382430924
1909 553950068
1915 343004671
1921 409061307
1919 288705408
1917 326286442
1918 822333019
1905 657551710
1903 231199131
1919 339572587
1914 70058694
1912 170971768
1910 118420920
1912 875523976
1908 626795694
1905 927012873
1924 138042759
1922 505535864
1936 78387751
1927 442241988
1898 151630113
1931 726878677
1906 969265725
1915 910033348
1922 180075719
1897 460699878
1915 590140169
1918 900907769
1908 130559509
1927 888637771
1909 7819100
1911 43626503
1923 336706607
1925 637574081
1905 169765122
1911 648442026
1910 417384677
1922 95995055
1918 399450157
1927 231644490
1909 541564890
1920 984162540
1915 204437386
1924 811425495
1903 621356520
1916 471829467
1918 203329898
1906 453146714
1914 372864987
1912 85430319
1924 141634362
1920 634315551
1908 178386060
1934 319186513
1927 355524544
1910 461142836
1918 689315018
1903 585068941
1904 775911466
1920 984984157
1912 243894524
1904 851421957
1906 882061726
1910 117902612
1916 495939111
1910 498679087
1929 957619898
1912 199953724
1895 437367831
1911 643556203
1918 535951762
1904 179770825
1911 207124781
1903 723483108
1911 28949869
1925 162116110
1910 545806621
1915 315262048
1912 285914420
1898 258915642
1889 360896683
1904 794253442
1913 792553132
1911 478074615
1916 597451578
1918 60158399
1921 288845767
2022 404539350
1911 56474322
1913 746768206
1900 458184953
1927 395584296
1926 169775283
1923 650898398
1919 719028162
1929 785210373
1920 572303620
1912 616040850
1912 867351767
1915 433052449
1905 365819788
1913 932218004
1916 450727230
1913 49433343
1926 568278785
1895 533562190
1913 670248518
1921 833609506
1908 225552976
2043 314176311
1921 947173037
1912 523124842
1907 239261553
1898 294375280
1911 513712762
1908 495948541
1913 237346555
1923 121413087
1924 92501672
1932 472115134
1913 691707987
1921 108246011
1911 196916853
1914 402247280
1935 417883552
1914 668364947
1919 411026900
1915 384258258
1912 227173314
0 0
1905 856648889
1917 604171886
1921 525960974
1884 34595598
1903 380950862
1926 381366164
1922 810736394
1913 280753956
1905 652788097
1912 944065620
1920 142030481
1916 880413544
1907 51005475
1899 436218972
1908 497588760
1920 545580869
1922 629504792
1909 544787205
1926 630632255
1914 352845533
1923 882228312
1923 113207909
1919 104673722
2014 700527536
1932 727962673
1905 440320446
1927 181428490
1911 333892741
1913 345577349
1918 252144312
1918 239472116
1899 958115428
1908 263784972
1911 613108967
1940 14958161
1913 186339473
1901 96191693
1928 549454055
1914 331322527
1908 30844848
1906 654126064
1904 170091903
1910 874148767
1911 165010668
1929 41818874
1904 204555605
1918 124279598
1906 676210573
1914 139407958
1915 165636488
1912 465819448
1925 149982641
1926 787100698
1906 560973186
1890 733696511
1934 569504168
1923 596257585
1928 656502423
1917 733213540
1920 359586291
1912 502612717
1927 716091453
1911 495792802
1905 507938237
1924 644073969
1898 356890171
1904 367614513
1907 563680832
1911 971944776
1913 999188261
1908 527159362
1920 253210620
1910 377821712
1925 124698848
1921 311955313
1912 264822773
1910 226634509
1916 143652271
1923 948394402
1915 310086178
1916 868539143
1907 214404243
1919 376681983
1914 683566333
1927 473319173
1912 145364216
1917 612559952
1921 916136985
1921 374135390
1922 657407832
1925 751148013
1926 658520102
1904 514453657
1920 194053993
1917 284055918
1929 278726021
32 272637656
1917 345972693
1909 140478649
1926 152260366
1898 569697879
1916 758280235
1911 83512543
1911 977413201
1942 577086794
1915 115489391
1921 991957018
1932 871396697
1908 473880146
1917 241314184
1915 469736917
1905 772540676
1918 615944942
1915 741593744
1922 675997204
1914 22620199
1916 318976323
1917 272356513
1903 656179513
1905 809358405
1910 812483435
1918 222528096
1906 2196840
1899 550961214
1923 13641678
1908 130929341
1907 946223805
1919 194017037
2043 851836031
1925 676483215
1909 740793734
1916 482621977
1921 555256678
1921 196764520
1925 176871313
1940 999210393
1917 421565358
1908 732700010
1920 585749625
1922 992036708
1916 234011377
1905 111966004
1917 848730624
1911 589693470
1932 621361017
1896 270479718
1907 405820540
1930 619795183
1943 638310423
1910 929366137
1919 11062075
1909 130528724
1920 101346632
1904 717409592
1929 338494906
1922 843233702
1933 687445614
1928 551590371
1909 620205491
1921 999597149
1910 375937562
1906 345641623
1927 852644726
1914 954646873
1917 805987757
1920 438584858
1912 723128981
1915 430617976
2035 287204191
1912 980104601
1918 496218685
1908 473885362
1910 942153189
1894 927644225
1896 374734952
1922 463176317
1920 312340598
2043 839515644
1904 979548406
1926 17284258
1912 833465682
1916 513376625
1920 707468115
1926 815986966
1910 872962753
1919 95585949
1918 399341973
1910 840280345
1921 442309945
1899 532505023
1910 672918908
1920 204826148
1931 858664035
1917 903127004
1920 160946741
1917 786618011
1918 974310482
1919 411964003
1904 593924773
1917 128610350
1908 239751986
1926 755671698
1930 249686335
1920 89860811
1923 970160333
1922 132400172
1914 180658190
1916 510852674
1912 464238837
1903 379110836
2023 838429190
1909 385816451
1914 956450632
1920 984752259
1925 695896554
1911 262955581
1920 39896395
1904 233151379
1923 221772541
1920 676527716
1934 306954342
1931 183419183
1921 56158949
1936 213799308
1908 958558767
1919 606300438
1917 620829359
1923 55776119
1914 934601781
1917 764003839
1903 456085768
1920 216797265
1905 306928145
1922 841243896
1903 779569712
1902 453141257
1918 365512528
1917 246532907
1909 826342825
1915 895408698
1921 850086939
1905 930776459
1920 996369298
1903 228168286
1909 39849555
1910 40242190
1918 605982707
1908 718492662
1909 889119434
1907 465727326
1917 448879613
1900 844131212
1914 220434616
1909 152152952
1903 651092098
1921 845897041
1900 711940256
1912 190906136
1881 83116472
57 882609016
1915 767997168
1905 989165706
1906 185736804
1915 970879593
1923 269695068
1917 930560016
1922 150739935
1914 832776954
1937 308143997
1894 660202299
1915 285517423
1906 187107687
1918 713928847
1915 220855811
1904 5162296
1910 195912599
1919 90100813
1901 614140324
1913 842582272
1899 939351363
1932 383233476
1914 249107902
1921 978484452
1936 828872623
1913 619451363
1925 41516427
1915 476318449
1904 467505184
1915 390935811
1918 801920819
1909 777138362
1928 337512608
1934 400874882
1910 807524214
1915 706609176
1911 982372782
1915 885278597
1926 676292134
1907 878933232
1919 747668928
1913 883053870
1915 613051914
1921 743198578
1914 380311400
1900 122259408
1921 275325479
1921 760835855
1910 260264711
1928 652012773
2022 620203060
1925 400880609
1911 455831398
1916 475282580
1918 187939894
1902 650736562
1917 463365920
1907 225688701
1922 825131014
1933 578262726
1903 130083934
1914 608011331
1902 299011135
1930 243614093
1906 212428841
1925 57924157
1901 69775695
1926 459440604
1918 291002003
1916 504046464
1924 644177154
1913 778945618
1906 834859150
1903 822032054
1920 603835192
1915 121511247
1894 655036434
1934 267590289
1910 745897319
1896 534120109
1938 191821575
1922 510324935
1911 118489517
1911 915872582
1940 159149657
1910 15500318
1930 831195618
1917 982971249
1923 878974679
1929 176346054
1906 668689527
1916 887573643
1910 798918316
1911 726397909
1905 841145270
1914 898296794
1912 251167066
1914 698608907
1929 906621956
1927 27136128
1914 298961830
1913 188902974
1920 63816122
1914 868389889
1922 976542597
1932 910420234
1909 856390018
1933 154918107
1911 958725647
1906 554686073
1926 60545158
1931 355665094
1923 595466174
1910 527821091
1933 936687516
1910 639374187
1907 934595766
1914 938984093
1921 804398776
1925 400838452
1910 712833801
1913 5110040
1928 406252420
1918 557622946
1919 462378010
1925 232305511
1916 22630877
1923 269332758
1905 489385526
1913 842816458
1927 650988516
1918 4707937
1922 68959031
1913 510799427
1919 46618036
1907 166464266
1919 828287400
1897 463644606
1911 802922472
1917 822307053
1908 585067142
1905 750337211
1931 728995203
1915 581542247
1929 431592691
1905 702935199
1916 531212680
2043 11893010
1912 757632807
1916 889833241
1916 445458035
1913 585382693
1910 832789039
1930 911513210
1913 395806450
1909 330345213
1917 258017416
1914 690092750
1932 634513231
1907 297278358
1915 237747485
1915 982817005
1917 737699629
1911 70172302
1925 255641833
1913 780692034
1925 841104438
1929 733026268
1911 420557973
1929 452049310
1908 63466066
1910 885712980
1921 483623040
1909 265598658
1901 95722008
1921 779357192
1926 693577460
1912 796264241
1907 382909005
1916 875378399
1925 933585730
1919 194083281
1924 924354336
1926 560059058
1907 321942661
1929 956477135
1912 143291643
1921 730390509
1903 194575123
1928 91558766
1906 113399959
1910 598940522
1920 506810498
1900 650168198
1913 944889187
1921 709339500
1904 360148358
1906 378283123
1926 860756652
1917 105516586
1922 49419556
1920 790744074
1944 600117640
1913 937034185
1911 638180997
1903 158784370
1907 974892849
1919 632566346
1907 934603448
1922 749035120
1932 445310940
1911 333199301
1917 495478860
1900 901439345
1933 32575881
1928 663895155
1904 259644681
1916 706917903
1930 470943039
1935 962177643
16 94518859
1912 803525761
1909 887361720
1926 448030705
1916 786314036
1913 528031226
1933 419888609
1926 386758842
1917 451377497
1931 555448503
1915 100686192
1904 257792929
1922 318722241
1932 342309226
1930 312627
1915 871112605
1926 790241181
1913 669498915
1911 388238646
1910 179725016
1930 663895445
1918 615116414
1921 680516171
1920 847622183
1918 806879809
1929 251548252
1912 666092701
1917 447420784
1915 6391312
1916 354671112
1923 775695331
1913 791387638
1909 75064228
1905 617402443
1932 592393412
1911 857366172
1920 384269742
1936 841654908
1912 417762126
1905 418872238
1916 627047693
1916 862431246
1926 697211691
1918 567358352
1908 781263548
1926 736573144
1903 578181074
19 337701585
1914 615249200
1902 608222856
1932 993902300
1903 826710134
1909 747018730
1903 123996412
1917 933153305
1902 999896835
1917 147808466
1912 170408840
1916 933377057
1926 470426382
1914 142621520
1907 17748147
1911 530456369
1922 328518966
1891 324685675
1919 711198014
1914 49687392
2043 794034564
1933 713910369
1909 296070426
1923 754523080
1919 88258363
1919 581928453
1905 200179833
1922 357539430
1911 122130182
1917 950923830
1924 396586010
1927 976148149
1922 335144880
1921 781711651
1916 511722459
1917 664673632
1897 168215222
1924 937376791
1909 89360221
1912 46216246
1911 711757073
1917 304914879
1916 398830421
1904 879922232
1917 918064074
1923 760083613
1908 801711229
1920 10126885
1934 224577283
1937 183959435
1917 140664488
1920 200482264
1925 853617881
1912 865902298
1909 540823348
1914 89902872
1909 997533149
1907 132864159
1917 34692025
1912 373683375
1944 993315782
1920 528875809
1914 739145485
1908 215303080
1919 983037846
1927 642911143
1923 678103369
1909 223332910
1910 350417762
1896 394990624
1915 814894909
1906 515811700
1896 538688074
1927 479237212
1907 269289377
1919 334928664
1924 971368106
1915 898980593
1923 306379156
1922 623483581
1909 441575440
1924 707486194
1929 260101079
1910 948333204
1908 89067576
1914 868077283
1898 320259369
1911 57758840
1907 902471626
1907 501983116
1916 676986460
1926 832184320
1918 814268834
1921 659884477
1911 740951156
1917 19362800
1914 9008333
1921 150391334
1923 536875956
1914 541229023
1917 305355261
1917 700769050
1915 475362363
1907 894336141
1922 259504814
1909 634205735
1914 802186807
1925 354016369
1912 65422135
1912 82367235
1910 880326524
1916 415913104
1915 415119363
1917 160296464
1912 4371837
1914 346343145
1906 461206125
1920 363760128
1899 380101491
1916 551061868
1907 79534154
1921 11013096
1925 164947822
1928 955330965
1921 291141308
1922 942681341
1927 86946048
1907 96793616
1926 506985711
1922 752166663
1928 629610449
1911 578634464
1903 849407246
1916 647173144
1914 513585184
1918 539979413
1918 822828344
1917 751513823
1917 509256159
1913 162156030
1910 525548795
1916 454152461
1896 297341717
1906 113992195
1910 41453534
54 770467303
1913 775920311
1907 158002761
1922 399093378
1909 715514891
1914 398466629
1921 525782129
1912 81745245
1919 237419820
1921 829436295
1923 520914779
1907 470799957
1927 392110746
1916 338408312
1909 731317541
1914 303518751
1925 262502105
1916 354025982
1918 850980356
2022 16669988
1901 70034859
1916 173362159
1913 486599083
1931 6394691
1922 911180888
1900 17794289
1916 613833523
1912 874292561
1932 444575766
1914 858657755
1905 681888492
1914 599736520
1933 553100597
1916 585785044
1931 570119099
1915 919906666
1919 430559002
1920 316553728
1921 380040539
1928 152724986
1936 903687890
1912 850006637
1914 171177796
1909 953617150
1938 809885827
1910 123727791
1895 874135679
1910 849306771
1919 392020700
1922 481192178
1907 79498302
1925 550615409
1893 55075647
1899 885133712
1914 596100580
1916 249324694
1913 29803708
1924 141858158
1941 465821170
1911 454129512
1893 655230893
1902 224406789
1909 335729326
1903 646395834
1919 149740501
1907 889296880
1912 752608526
1929 284546907
1921 296469237
1906 753856910
1913 607838480
1907 828149448
1904 747828862
1904 691686580
1909 698400082
1915 648587631
1912 375915735
1915 895717817
1916 431832741
1906 439804546
1919 114815767
1914 627712207
1918 239386288
1926 322528241
1916 514242240
1922 144403900
1928 579505583
1908 779358934
1911 151914897
1926 359757162
1907 476023677
1921 851881846
1921 752090261
1906 555557441
1937 231470540
1914 967410449
1937 318864879
1914 106801983
1926 729791755
1902 631687320
2043 911197032
1907 94252815
1918 326136138
1925 970501959
1899 441068146
1930 628570213
1925 941017072
1915 415381128
1903 876597130
1916 952701619
1909 777692928
1914 330506953
1907 890446260
1911 155611063
1924 431737980
1915 213447016
1914 255725552
1922 215099095
1908 564635482
1905 625985094
1906 389880378
1912 479018306
1912 644461533
1922 584420130
1897 749223275
1909 504899759
1931 39406057
1918 824233656
1923 826069140
1916 634824484
1933 9121884
1919 449289335
1920 113498296
1918 854259670
1910 224335270
1910 730328977
1898 192146209
1920 635103935
1925 307850078
1908 104111362
1921 635923310
1918 456145992
1919 991365365
1919 65145598
1930 980699509
1902 486903818
1934 76764327
1906 33361533
1922 492338331
1918 464252792
1906 614284244
1931 272064858
1923 603498363
1904 392320340
1901 661570704
1895 578051845
1920 556972851
1905 753469756
1904 757859930
1915 183964540
1926 23177097
1904 235136211
1915 907922537
1914 767469911
1913 409394869
1913 922445619
1903 879747348
1922 59896031
1924 628992604
1898 738179450
1924 651598703
1911 170875061
1919 729084513
1923 485166914
1930 126044392
1910 561971964
1922 267249804
1897 93725855
1904 419488426
1927 224502035
1909 891132197
1926 726328041
1909 495288114
1912 772067897
1898 967840817
1942 886716286
1925 937142454
1925 749708685
1902 873458587
1896 795843708
1913 419242052
1910 108416090
1911 771223518
1924 839541101
1918 589212701
1896 632227681
1913 935836968
1895 901819160
1923 825164500
1903 410958436
1912 573330516
1925 202418089
1901 897870343
1909 141854273
1913 493754903
1944 441227458
1916 59040014
1922 565456660
1919 483812428
1923 152779484
1916 901649491
1899 258216625
1935 296791482
1923 329920197
1925 261103707
1915 898793254
1918 711129635
1918 600326505
1916 178127112
1930 961439953
1922 410461245
1913 576911067
1911 386356597
1910 222721780
1915 689289013
1929 254478957
1935 211936942
2013 907210047
53 624526732
2019 663129895
2020 655390341
2018 576995858
2019 105109144
48 444409396
2022 579712581
2022 528927139
42 913278203
2023 600527501
2023 181121014
2023 245275626
2023 694357910
2024 548114491
2024 583336825
31 719916354
30 410693589
29 379337939
29 646991303
28 270036937
28 625621560
27 89374082
2032 979649107
27 948526323
27 948675479
26 993006354
2034 887956184
2035 411755950
2035 627050786
2035 134114624
2035 683561518
2035 529689748
18 609325405
17 801331894
2039 481731943
15 299216928
15 299216928
2043 578005838
2043 894044076
2043 106311721
2043 592185278
2043 993300156
2043 801104281
2043 455733163
2043 38135351
