2033
0 0
614 628565518
437 254459058
1952 388807496
621 308652079
1761 335498209
424 433408388
613 315923870
612 332106202
1555 494790217
1396 935939547
624 200397333
179 399822533
613 462530592
614 232325808
0 0
73 989883037
618 774446259
73 989883037
166 688054791
616 599155598
615 591759041
1952 543286753
1952 804220614
610 721730248
1396 658648250
609 571886338
622 983870321
1952 934397429
632 5954913
609 932447794
1569 819484548
617 455100971
0 0
622 781042635
620 617516611
179 399822533
1586 767317594
179 399822533
627 305255874
437 254459058
620 459725108
608 84314514
73 989883037
1761 502521061
610 306830161
617 936929361
1730 227760384
73 989883037
609 534620875
1761 987998209
617 865471775
631 210112721
187 157956793
1822 942819518
437 254459058
1533 633557827
628 273153967
1474 856180729
1474 200687301
1952 513640622
102 234323125
616 199148488
628 946020735
612 372496876
1952 179006204
1396 852222030
1761 283770401
607 406039361
623 194117155
73 989883037
608 453929347
1496 148288658
1512 564194
627 577051261
102 234323125
606 298693779
1952 52715564
437 254459058
604 655292773
102 234323125
1761 448762278
0 0
613 97590124
616 925622679
611 852584786
223 599749404
628 550488508
618 847059636
617 819583879
619 60068606
614 57070896
623 169658128
622 107240526
1952 993065311
1398 79195641
121 484623904
608 345671754
96 598944227
1555 741134508
73 989883037
187 157956793
302 306584882
166 688054791
615 524723809
609 561792603
614 907105030
437 254459058
179 399822533
618 875015365
615 332798774
1952 946317648
102 234323125
179 399822533
615 120151113
437 254459058
1533 750360905
180 798757979
1586 947608038
1453 448516821
73 989883037
0 0
1761 449434322
73 989883037
1512 279342944
424 433408388
96 598944227
1533 636028143
610 781973066
179 399822533
73 989883037
102 234323125
1398 646533760
619 654501977
624 876804290
237 39445512
179 399822533
618 557769676
1952 995671092
608 495508838
1533 673857709
618 701349574
1555 526293860
179 399822533
179 399822533
73 989883037
617 115204469
623 694164542
620 855179845
618 712310029
1555 395108823
609 381781525
292 574120581
1398 586294396
615 717054942
1398 194368504
619 361300059
612 506057845
437 254459058
0 0
1452 352488255
179 399822533
0 0
424 433408388
614 112830258
1474 560072774
179 399822533
624 100485463
615 26716517
223 599749404
616 228475063
1453 694528564
1952 311455727
102 234323125
302 306584882
608 968976847
1569 224583831
623 52988772
620 441147397
1586 668899297
1453 676841205
1846 53402770
0 0
96 598944227
1396 281705376
187 157956793
623 736598682
0 0
102 234323125
614 407651931
1586 930436724
302 306584882
302 306584882
1474 171526935
73 989883037
0 0
619 153921476
612 328871278
613 465406970
608 505684580
1730 405518846
623 686232183
1398 142427559
1474 814348888
1952 13444104
1398 693636776
618 223711977
622 605444261
1730 922824053
615 246409082
179 399822533
576 779402201
620 574951680
179 399822533
1846 659778844
1761 288209130
73 989883037
623 312180250
615 32944831
1761 403042324
1474 955625181
166 688054791
179 399822533
223 599749404
614 980382735
0 0
237 39445512
187 157956793
338 617012350
615 671840332
601 273506138
1496 366158365
1474 459319133
1396 451453661
73 989883037
1396 541750167
0 0
616 61344610
237 39445512
1846 877790073
179 399822533
1761 896657685
179 399822533
625 970529030
1396 178648054
615 183040756
1398 797294490
622 632014183
1496 209252532
187 157956793
1398 172694850
1474 598123644
1586 404367489
1846 852941826
613 314859172
613 850851136
1496 36689797
302 306584882
621 560363946
620 403304117
179 399822533
1952 587125554
622 440225807
179 399822533
625 423736202
615 594366101
616 34939251
1569 722020359
73 989883037
1496 833278084
617 412573786
622 568027885
619 452895762
1555 174264409
1396 800005840
1512 717002578
1586 387839913
0 0
617 894241734
1586 69144829
179 399822533
1554 150892645
1555 523601478
617 958062297
1396 370768709
1555 162681703
179 399822533
623 725178757
179 399822533
608 848041077
626 76457675
624 200541896
616 393505241
292 574120581
615 908296538
1586 914722445
619 293978314
1512 440982358
1398 311221319
1625 40441163
166 688054791
223 599749404
1952 717917762
1952 679245780
437 254459058
1396 754959455
616 87351628
424 433408388
613 929531875
0 0
179 399822533
1398 857804305
623 465952241
0 0
437 254459058
1398 515688459
73 989883037
179 399822533
1761 131224998
613 424329954
612 219937407
1474 721429611
624 414277662
1496 358472672
292 574120581
1555 732909906
1396 275421189
1569 903476218
617 913849516
1761 479850487
617 99253735
611 404607320
610 695621564
1474 567836421
1396 303147379
612 460045868
615 922520678
1496 91227434
424 433408388
619 60501517
73 989883037
610 126353128
1586 332903605
603 529629589
619 192489733
1555 230981599
621 598440475
397 634427908
1586 986171853
613 442679657
73 989883037
1586 485831864
437 254459058
616 812359011
611 647537464
1483 143861911
102 234323125
630 222108011
302 306584882
73 989883037
1952 8688728
187 157956793
179 399822533
608 417288113
1483 338584411
1846 871943577
102 234323125
1512 385270320
637 789647784
179 399822533
608 842939507
624 150359598
1483 120608461
613 779191835
179 399822533
1555 353127230
96 598944227
292 574120581
237 39445512
179 399822533
1396 814273560
624 580448170
616 294289575
622 38884872
1555 180757259
619 802316725
616 343200828
1396 569222302
237 39445512
1555 249918441
1398 636939474
1533 859731992
1398 341145977
437 254459058
613 367382038
96 598944227
302 306584882
1586 242665235
621 185702720
613 289443804
624 180771367
623 821056545
1398 832750757
1474 927318240
624 580766247
292 574120581
1761 980515974
166 688054791
629 712261624
616 493602612
603 416184565
614 46326444
1474 523672599
1730 627051733
617 781075473
437 254459058
179 399822533
96 598944227
614 548343084
102 234323125
616 316654315
620 589242383
606 354691033
608 156580791
1496 764235685
338 617012350
1952 528474599
1761 872255460
1496 152595241
73 989883037
1952 620892991
631 657152771
615 863561219
1761 677784820
613 515293780
620 672962313
1496 800666189
0 0
619 420769366
187 157956793
1512 851344190
619 934414526
437 254459058
610 872104812
615 878654983
179 399822533
616 337385015
179 399822533
614 489641067
613 117999161
629 772019436
73 989883037
1761 623717190
1555 676990930
621 833806475
624 270099046
619 332268309
607 177316436
612 260065052
612 704887686
1846 321559315
621 3614428
627 81632065
619 98229196
1396 581058735
604 337821679
615 170396022
1761 634840470
617 5492945
0 0
187 157956793
615 488671477
1474 183872853
1496 999276926
621 685109127
166 688054791
610 338756350
437 254459058
612 577832150
73 989883037
1625 75481146
1512 210201755
614 499493874
1586 693560721
424 433408388
1398 765969493
179 399822533
73 989883037
610 145478840
614 775903177
0 0
609 919740252
1761 423625580
0 0
1398 720231349
1512 367743637
627 949021621
616 388832947
611 961303281
617 855361838
602 304093433
616 514859284
626 7660513
612 935375725
614 39530741
1772 909732696
187 157956793
619 458452118
621 979830982
619 414017181
102 234323125
625 10934063
1398 445897426
73 989883037
0 0
611 705130640
628 2001628
612 954048668
620 879260434
576 779402201
617 550643550
617 36658135
292 574120581
618 32264527
179 399822533
102 234323125
1496 755214390
625 652235244
96 598944227
616 672062283
1772 167247239
1495 876980446
292 574120581
616 738095849
0 0
618 238040718
619 33800710
166 688054791
1555 569304265
1586 75567169
623 587427087
292 574120581
1569 862837229
1398 602593770
620 294262154
102 234323125
1761 542169068
608 39751283
0 0
1586 707664773
1398 340771631
397 634427908
625 668151083
438 264681147
603 631539088
437 254459058
1398 461148919
1586 888445672
1398 972686431
96 598944227
1512 99379572
618 618946296
96 598944227
619 223954528
389 116719716
1398 574307009
616 160297284
613 403940917
0 0
615 976971355
73 989883037
437 254459058
237 39445512
437 254459058
612 438412581
614 329556003
615 42677735
611 547382122
437 254459058
601 340438263
602 386349546
1474 636398555
223 599749404
625 345319653
0 0
616 112631701
616 128259339
73 989883037
616 145960922
1453 295915166
1586 738401032
614 438895011
179 399822533
623 245274625
1952 970755398
1398 394713800
437 254459058
0 0
1398 361698732
1952 510081484
1395 182915918
624 963539663
0 0
609 531464297
187 157956793
187 157956793
624 999283652
1453 671883010
612 531991704
604 563003195
624 493086823
73 989883037
73 989883037
618 600888467
179 399822533
121 484623904
121 484623904
622 897971405
1496 767161835
1512 846522534
73 989883037
179 399822533
1555 504954402
166 688054791
102 234323125
618 905084020
237 39445512
1496 343990978
609 466389934
102 234323125
620 818660362
615 502841104
617 672541038
1761 555834321
620 845577692
338 617012350
1586 560773037
613 668934610
1555 954260356
0 0
1555 874402035
1555 94897908
1555 638369061
1555 442667104
607 89451856
1952 342185271
179 399822533
1772 886238944
1396 142438624
1396 258752409
610 705657984
611 164847891
610 846120704
613 217034172
166 688054791
1772 768221877
614 792836274
1761 697094742
424 433408388
615 732680251
102 234323125
618 684851026
620 360597689
73 989883037
1453 374941572
619 49706202
179 399822533
606 724586636
616 671922034
1952 252748537
1555 489099125
179 399822533
612 894149091
166 688054791
617 333700318
1533 551931126
623 474838521
179 399822533
623 289398201
614 596428003
302 306584882
1555 774456249
606 502711774
73 989883037
615 702337985
1569 781515339
187 157956793
96 598944227
179 399822533
613 462008791
166 688054791
179 399822533
625 791622619
618 891057941
1730 146271616
607 68933071
611 365050578
1761 110738770
102 234323125
0 0
1625 41914327
623 875514017
612 687203774
615 238704986
1822 258083249
424 433408388
626 652811003
187 157956793
614 417094550
618 183150621
0 0
1569 369351973
1474 712212346
338 617012350
507 315566224
1512 70329445
0 0
618 361993344
1398 128302901
237 39445512
166 688054791
292 574120581
1569 437399807
576 779402201
187 157956793
1761 798476666
629 924154838
73 989883037
615 685152990
179 399822533
292 574120581
1398 262382846
0 0
73 989883037
437 254459058
615 412645563
1483 633002763
1952 106729340
606 996769453
619 605881142
621 840650008
187 157956793
608 506093157
73 989883037
1555 396997526
73 989883037
613 470278934
424 433408388
612 89165728
437 254459058
1396 328423656
615 468769187
1952 206020759
166 688054791
1730 931280527
623 645014785
1396 870465532
292 574120581
616 19027981
1512 675267164
616 138373001
622 167398842
618 131222122
627 106075770
1496 678940259
302 306584882
628 765421180
179 399822533
96 598944227
626 152237034
628 228433086
102 234323125
623 91587714
1952 643347307
338 617012350
1396 907975554
1846 124836694
179 399822533
1398 836561130
1396 383060037
302 306584882
179 399822533
619 789184945
606 315869895
622 146467699
611 192317093
617 820752836
616 324283820
620 650791561
619 625492263
622 407905781
1846 915704151
166 688054791
612 498658531
620 346160532
1512 770087371
614 177981311
610 274686919
1398 542327350
96 598944227
604 240214788
187 157956793
612 641383102
617 46239464
616 574424363
618 3122480
0 0
626 167569102
1586 489351893
624 383248021
1398 54434508
1586 827716174
1555 440148652
622 46281737
613 907295594
1761 858164453
0 0
1496 17092524
179 399822533
616 702493827
1398 976676963
73 989883037
102 234323125
1398 523710319
73 989883037
187 157956793
1453 475079748
102 234323125
621 832701516
620 386687871
627 357819299
619 998656784
437 254459058
622 353597958
613 119456725
73 989883037
632 990349648
609 854810423
73 989883037
617 506922473
576 779402201
102 234323125
179 399822533
1396 550179469
625 933483908
625 840657434
1952 842147689
1396 932330582
619 281708921
1396 103226894
1730 818539817
617 969726316
1846 844534479
615 265866076
1396 896817180
612 389881843
1555 931063996
1398 952137085
614 430138156
619 328034047
1496 598679838
1398 628837117
179 399822533
1396 688939179
187 157956793
1496 748206344
1846 208991146
1398 340755026
1846 696635383
610 564293577
437 254459058
623 151884700
437 254459058
0 0
614 980309267
625 1112062
187 157956793
1396 639126610
389 116719716
73 989883037
619 299536774
389 116719716
179 399822533
1761 444536722
619 649494936
1396 699245018
1474 884679172
616 531110462
612 402382866
1512 655462145
0 0
1952 537748879
1398 697854965
389 116719716
1398 770224528
616 466026539
622 223109805
1569 563980371
424 433408388
619 435940104
625 529973449
610 804607365
1952 341927384
609 723536377
166 688054791
1555 115289446
616 341252293
1761 741321181
179 399822533
179 399822533
615 132982886
179 399822533
0 0
1533 934635832
1568 885990384
1496 537467157
610 767933115
607 225898574
437 254459058
96 598944227
0 0
1496 984544120
605 890268158
621 420344140
607 430474050
625 378511525
620 854572916
179 399822533
617 27858634
615 223520171
1496 536832243
73 989883037
616 663953515
179 399822533
223 599749404
619 932562163
338 617012350
1952 977024794
615 419695680
602 821504500
617 655398044
628 56185383
609 510640031
612 316623841
73 989883037
338 617012350
179 399822533
0 0
1822 467060310
612 713054227
613 38606350
102 234323125
292 574120581
397 634427908
1952 800686990
615 962782262
102 234323125
614 142680760
302 306584882
616 102829019
628 685862381
617 611753094
73 989883037
618 167780404
623 993668904
613 522357823
179 399822533
179 399822533
624 969145304
632 475346732
1555 444802479
621 794407868
627 941409731
609 198093051
618 882251107
618 338490420
1952 109250773
606 996377618
617 198844775
0 0
237 39445512
0 0
397 634427908
624 439274313
621 767882095
618 953737397
102 234323125
619 353936478
604 654318858
612 518725527
618 507317799
292 574120581
302 306584882
613 918545932
338 617012350
619 70425251
73 989883037
73 989883037
223 599749404
619 699802719
437 254459058
1512 567295008
625 951307217
615 913501039
73 989883037
1512 30863094
73 989883037
166 688054791
614 861165680
73 989883037
606 164442862
621 748256935
1952 697861678
608 644892160
617 839341721
102 234323125
576 779402201
73 989883037
437 254459058
179 399822533
635 287026913
622 219984294
1952 186487622
619 727614023
612 407261869
96 598944227
608 905734099
628 257124446
166 688054791
621 225344668
614 989230167
102 234323125
102 234323125
1398 16888521
609 724059859
619 713041442
0 0
613 335553860
1474 642395270
1396 402981139
73 989883037
606 979797615
614 212392644
389 116719716
424 433408388
616 355837465
617 436842458
96 598944227
1625 817004388
1761 138537169
606 709430144
73 989883037
73 989883037
623 785313340
611 114960339
613 835705415
602 368797243
1453 346668278
1396 88557083
1474 719682394
618 254730980
187 157956793
1761 813365371
1398 709333312
179 399822533
1761 202063753
1396 568062911
179 399822533
618 323716389
389 116719716
576 779402201
626 648889506
623 114395023
621 866177026
1761 423499049
618 134568095
223 599749404
292 574120581
1586 353987705
389 116719716
96 598944227
1496 648578282
73 989883037
1398 283275775
627 218130708
73 989883037
620 545471688
618 247871436
187 157956793
616 806191064
1398 942911211
0 0
73 989883037
1555 164013148
1761 149057731
1496 139184430
179 399822533
1952 642088483
1772 525233258
0 0
616 986617619
0 0
96 598944227
615 598052571
1952 369465046
619 554319896
302 306584882
624 318739446
616 546117286
1396 93078569
1761 279928303
625 639544041
1952 396661200
338 617012350
1396 746781847
621 770462540
625 123831551
636 939059648
1396 357311853
1952 418438306
614 910869864
73 989883037
628 423281053
628 456485063
1398 813458486
620 176852856
1396 896164334
302 306584882
1625 155463740
187 157956793
73 989883037
627 429667896
609 532351778
618 20375746
619 990111441
621 522489339
1586 280903989
397 634427908
617 978184961
187 157956793
338 617012350
237 39445512
1396 412629980
292 574120581
625 29720855
1569 196864636
1474 762788054
73 989883037
0 0
73 989883037
1772 278252615
614 848063031
620 942190351
1761 110773591
609 210416814
102 234323125
1512 100410894
624 394230422
623 300293527
617 640886441
102 234323125
1512 130443744
1586 365043309
389 116719716
1496 335057819
620 95926713
615 579342644
615 848218304
1396 471748253
611 23344577
629 702360643
1730 693444524
1586 101168637
623 314864780
1846 993873828
628 827624153
1396 120214829
621 724299680
616 817170792
1496 585173106
604 912683106
1398 720303739
179 399822533
610 892443264
621 754550761
628 209463771
1396 622932654
1512 753523176
612 402147919
614 275500666
614 984839546
1586 690861083
96 598944227
437 254459058
1398 847170562
73 989883037
623 54144249
615 509786011
1398 101794216
610 241120281
424 433408388
626 788721997
616 266417372
389 116719716
1512 808903369
618 29686720
1555 882193876
616 471898822
616 160557032
576 779402201
0 0
606 201911262
1555 635710928
609 787001734
620 795732280
627 105482705
1398 316053373
1846 301511066
1952 822837867
1761 190209633
1555 851353914
610 257304072
1398 107931555
613 758322074
1495 523772590
1496 888879805
610 202905580
187 157956793
619 677504088
166 688054791
102 234323125
618 735558352
610 903135238
121 484623904
623 117316597
1761 816470914
223 599749404
619 153667474
605 850151419
166 688054791
187 157956793
620 573722404
618 579495347
620 449562402
73 989883037
620 985796497
616 403221440
1846 349121817
1398 149724177
1496 92692080
96 598944227
302 306584882
618 531895298
0 0
1398 843714161
1398 694035517
617 635741067
605 656529632
614 994147006
179 399822533
1496 712761705
614 135653508
437 254459058
1952 404045178
1398 682479221
624 718195199
614 354810611
615 99479485
1496 118638211
616 178088367
1496 175576693
302 306584882
614 333175073
1495 514781363
96 598944227
616 303861413
1396 58241192
623 230360984
1398 834738564
179 399822533
619 128774656
1555 115553401
1397 897817546
1952 445204227
179 399822533
507 315566224
612 257708767
627 540583349
619 564285488
612 180406515
601 181866650
0 0
615 216818652
1555 590021578
179 399822533
614 256543908
0 0
625 91536462
1772 96321384
617 958362646
620 16267091
613 751525740
73 989883037
0 0
613 936417886
617 71946848
102 234323125
73 989883037
613 930589578
73 989883037
437 254459058
1398 883327270
622 41844843
616 432498453
620 230588610
0 0
630 240279690
621 855001177
614 385843801
0 0
608 855174947
0 0
73 989883037
73 989883037
437 254459058
613 378592512
613 816816266
624 884856651
1396 337481053
617 482191223
614 551897824
615 521701179
1398 517697497
292 574120581
302 306584882
0 0
576 779402201
1396 584078635
622 789973399
73 989883037
617 913051759
1396 332180464
397 634427908
619 117899160
1398 305255123
187 157956793
616 34331457
1398 840163105
603 382265435
302 306584882
73 989883037
223 599749404
1952 878518179
179 399822533
1396 938760767
1483 301049217
1396 804037692
619 321315497
102 234323125
73 989883037
1555 864259654
121 484623904
610 366922973
438 853215720
1555 610067271
187 157956793
1474 47906369
166 688054791
608 543458802
1396 551016576
617 136869376
625 757393725
1952 178052054
626 15095279
623 228658054
622 61691911
1398 175575567
1952 803069922
0 0
612 130074179
179 399822533
610 601431109
73 989883037
179 399822533
1952 528404584
622 621120745
614 611803581
616 651044041
619 697491577
621 262902938
626 949001143
605 339088744
73 989883037
1772 88697095
607 760012617
1822 405003416
619 592319115
611 902175646
604 900065195
614 92577714
424 433408388
1569 550102169
223 599749404
627 372851867
121 484623904
398 552973908
179 399822533
611 572268381
608 64863917
187 157956793
1396 350109506
166 688054791
73 989883037
612 603037384
618 992314881
223 599749404
187 157956793
627 685602702
619 580720697
437 254459058
1496 141347820
73 989883037
610 845982397
631 793403406
608 959818260
1396 926871416
0 0
292 574120581
1555 243674826
622 489063443
437 254459058
1772 469111463
1396 307601217
619 491685405
1512 582001840
1555 23230202
1952 371066212
618 107067144
1483 704363917
624 644704914
610 823514934
1555 581118247
614 722321580
424 433408388
237 39445512
292 574120581
1512 730543999
0 0
73 989883037
611 774561179
1846 183609308
623 922161447
1555 5648493
187 157956793
179 399822533
292 574120581
630 833704208
0 0
1474 511457405
1772 52722859
1398 626779874
616 334266332
610 820674101
609 561593256
613 410145662
614 173744525
1512 875457489
424 433408388
618 861947037
237 39445512
0 0
614 738944878
1952 943652270
0 0
1952 874015198
179 399822533
389 116719716
179 399822533
616 976287102
179 399822533
437 254459058
624 311035265
223 599749404
96 598944227
1846 423745218
102 234323125
607 796230571
625 763038586
187 157956793
426 165393600
437 254459058
1952 639022026
73 989883037
619 718141990
612 808461012
1952 163513053
1952 656770466
615 883830790
179 399822533
1398 979123502
1474 271160396
102 234323125
223 599749404
619 862145341
1396 690376393
73 989883037
73 989883037
1496 617898783
103 508883287
613 959063679
187 157956793
611 54691669
166 688054791
622 933081449
1512 125256789
73 989883037
338 617012350
1496 220299913
626 740848226
605 971760153
1586 589418901
179 399822533
0 0
73 989883037
102 234323125
620 378965104
621 975429183
1952 523099659
237 39445512
73 989883037
73 989883037
1396 249808212
623 46120119
625 444218580
1952 711412152
1398 723135993
397 634427908
1512 124707571
102 234323125
619 542003220
576 779402201
619 261288642
437 254459058
618 474695197
611 225931544
632 354845748
1555 33573343
166 688054791
338 617012350
437 254459058
620 669941131
1846 517760724
1555 924976215
424 433408388
1496 263226055
338 617012350
618 948786755
622 545814394
620 766810414
73 989883037
608 626238994
102 234323125
617 344648872
1772 337917285
1952 623720701
1730 230064931
166 688054791
616 638326085
1398 709098119
1952 75997600
1952 124700887
302 306584882
599 158773093
616 561114428
121 484623904
612 480327594
608 357393258
1555 39371255
620 393561770
1569 573620077
612 687249644
631 298732721
1496 937220151
102 234323125
611 928960139
438 510270069
188 582965400
1512 287729710
73 989883037
179 399822533
612 912753527
623 611301571
1625 482902272
608 589266237
0 0
1846 590330179
1952 740059070
1396 209766770
620 507971395
1495 688987084
1772 365773656
614 424405781
1952 38035504
1555 978127939
1761 307211023
611 586916475
617 150470378
615 799606441
187 157956793
620 115638156
437 254459058
609 65618173
1625 946941038
179 399822533
0 0
614 816750207
606 811495084
1555 583177518
73 989883037
1730 723278282
0 0
614 176275883
187 157956793
121 484623904
389 116719716
437 254459058
611 406982014
437 254459058
179 399822533
615 981509433
1396 246451845
1495 959216569
625 772317779
1483 562702524
1398 50486011
437 254459058
613 922027435
611 431602137
607 48998314
1586 830970834
615 375706109
0 0
1822 771413449
626 329793536
1772 924956423
613 203096636
614 4799848
615 566101372
1396 813369679
620 941196182
616 392352486
616 688415764
73 989883037
1761 789477784
624 991499911
1952 797085935
1555 853724611
617 42366013
1761 87506771
1474 785701020
1625 672319135
102 234323125
437 254459058
1586 666769471
622 391561572
625 738185576
1398 181466655
622 302616655
617 926346129
73 989883037
179 399822533
611 692866495
619 86925768
619 626855355
610 355515462
179 399822533
604 805937839
1496 667590641
622 43136574
1761 69584416
1772 622198152
73 989883037
615 534600639
1952 266693350
0 0
619 881433319
1586 918159593
627 883079762
1952 218575884
166 688054791
616 377428932
1761 134185362
1396 124507666
1512 149534979
437 254459058
424 433408388
187 157956793
613 662281575
619 707477053
437 254459058
1474 467165423
610 107853436
610 494374955
1772 952094477
618 776154639
1846 865591299
611 507619492
623 53127457
1586 244037744
617 117360527
1533 260380125
615 979099752
619 522325252
1586 968023748
179 399822533
617 217126361
630 639416557
0 0
102 234323125
621 627144623
1952 546092774
73 989883037
121 484623904
619 605953191
1453 328789944
179 399822533
616 697709951
1761 399830104
424 433408388
619 550294856
577 852003465
102 234323125
620 983523265
615 19901828
614 605933155
1772 696034722
1952 119929275
73 989883037
102 234323125
0 0
621 185353734
617 727294964
625 581113743
1496 942431775
619 695402002
1555 706879820
619 208541656
73 989883037
73 989883037
1396 623780613
624 498049425
437 254459058
611 291241078
121 484623904
616 881168631
615 882061532
1952 430506396
607 625258097
223 599749404
166 688054791
1512 611958323
223 599749404
611 283907828
613 290648282
187 157956793
102 234323125
1555 748152217
610 883198501
1772 71739073
0 0
424 433408388
620 638194722
1512 117307833
1396 96365861
614 372957014
621 518296818
102 234323125
179 399822533
1453 456829288
627 108253049
621 431128814
611 475949064
1496 507023471
0 0
619 764848935
611 830925968
629 48058683
73 989883037
179 399822533
618 356770937
605 755066295
1398 679041083
179 399822533
1586 589228137
622 854639775
102 234323125
1761 360408316
1453 408571820
608 788196352
0 0
1846 762544546
0 0
179 399822533
102 234323125
437 254459058
624 348778432
631 584689359
179 399822533
1952 215826489
1730 377085067
384 266746055
613 6722375
612 39914217
179 399822533
1396 476742569
612 605050116
604 526819646
1846 517092298
73 989883037
609 770022520
0 0
623 559764196
608 350177871
617 224553421
618 913716156
1398 738767175
617 893710553
612 941892717
609 814807964
1952 322332542
623 877977388
622 915892411
607 338439090
620 103642365
1761 100613558
179 399822533
1512 362571086
609 673567073
0 0
1555 377894839
615 378411954
1952 940553967
237 39445512
621 837229017
608 330374515
605 673084458
1952 54618797
614 276402810
615 691573774
1846 105094692
292 574120581
292 574120581
623 767531812
612 265404733
102 234323125
424 433408388
179 399822533
179 399822533
73 989883037
292 574120581
620 359730312
102 234323125
302 306584882
613 529495058
605 658069975
1952 141982422
1772 860160841
615 688666378
611 450321215
437 254459058
1474 360265870
619 666789311
1555 14549676
624 544324823
397 634427908
1761 865552373
612 565391765
437 254459058
1822 3412268
628 449993218
1396 645438750
613 418058492
1495 629438483
615 529439109
1760 197609780
121 484623904
616 869854607
617 473299596
629 983466468
1474 898617758
612 838358933
614 456609787
179 399822533
617 557248054
187 157956793
1555 566832300
608 962243440
610 573791561
1761 624249206
609 437402941
102 234323125
179 399822533
621 180005147
1952 778623274
1569 107852035
612 119585643
166 688054791
389 116719716
1952 485480600
1533 892419777
623 62373985
1586 708651438
1496 613297930
1952 636593171
1496 52254281
1952 837946869
223 599749404
166 688054791
618 632178426
617 617372863
1512 477270382
621 117720311
1496 412032133
621 540311351
1511 529999811
166 688054791
73 989883037
1512 45424959
1496 18652169
187 157956793
73 989883037
1452 82958136
338 617012350
616 676415454
1512 473924823
73 989883037
628 646460249
338 617012350
1398 13326332
611 654232806
1496 309362584
615 776566528
611 69800451
611 921042499
96 598944227
617 958599898
619 146650570
0 0
609 40318695
179 399822533
612 964834195
73 989883037
620 722726976
437 254459058
618 675799638
615 666380604
73 989883037
627 243843797
1396 391342595
1396 704971447
166 688054791
1474 349361358
73 989883037
1396 831402626
179 399822533
616 110811482
1952 189375118
1846 139019156
1730 530599489
73 989883037
613 734941764
73 989883037
179 399822533
437 254459058
628 972003549
73 989883037
1555 113822424
608 5494832
1555 322951640
0 0
609 915191695
1586 805544620
1398 668349530
1555 970443697
0 0
623 581189201
179 399822533
614 828097978
621 276701863
610 816540248
620 333061013
179 399822533
1396 982009364
626 347782
1496 521067813
1496 719405841
1586 699898882
0 0
1512 395258874
166 688054791
576 779402201
73 989883037
1396 506219592
1396 185742221
1396 942400645
1396 239009571
1396 315272088
1398 195299934
1398 301601970
1398 45716215
338 617012350
437 254459058
73 989883037
437 254459058
1483 926023854
96 598944227
1772 185787256
1512 990669809
302 306584882
1532 257438951
73 989883037
96 598944227
1555 160263464
1586 392795772
179 399822533
179 399822533
179 399822533
179 399822533
179 399822533
0 0
1730 836390775
73 989883037
0 0
