2039
1914 760396170
1893 309640624
1891 515017069
1898 591211875
1911 189614797
1893 143550012
1900 845929911
1895 801883559
1907 266238798
1897 853719616
1900 950060621
1905 442547453
1895 171431913
1890 53084795
1891 822318278
1896 112187554
1901 243096018
1901 929454667
1896 733706764
1890 536803973
1883 102911062
1903 755838479
1895 416784840
1880 757286285
1906 400922778
1900 78233159
1900 729070412
1889 218655510
1891 489242257
1903 609675620
1882 859012969
1899 35256826
1903 773453181
1894 783670439
1894 817391774
1906 581870038
1891 734121525
1886 249358700
1885 11237758
1906 168240845
1911 355253732
1903 24420534
1903 711942253
1888 430566331
1896 679437888
1902 473806222
1887 28857098
1895 548045260
1912 772401041
1886 265538238
1872 242915029
1878 306444496
1889 207717659
1892 436842942
1886 787949630
1886 721883291
1904 912048147
1896 905394736
1889 218313849
1887 709740856
1907 6844455
1883 509581684
1895 611283754
1882 741631143
1881 153320592
1903 465870096
1887 68445585
1900 160709040
1891 706664372
1900 107072089
1901 552930960
1908 508408105
1886 431528901
1904 26890701
1891 200228694
1884 558812760
1891 587405770
1895 586073115
1893 243504126
1917 209235344
1903 17522208
1992 956521053
1888 932197950
1891 213719502
2011 447787433
1892 894285332
1884 995391722
1891 852391741
1891 610187389
1896 671341513
1894 711161710
1896 201120278
1908 636353683
1900 37691520
1886 900429671
1908 775023173
1893 172770936
1905 873134218
1900 465215396
1912 927965534
1907 101163303
1887 982552274
1891 459673452
1895 554343707
1903 11574752
1890 984748430
1891 104384345
1897 569057111
1894 498717307
1899 792872883
1856 536790065
1887 923724660
1889 821424861
1883 895845487
1867 12812062
1879 271213276
1907 332550847
1903 984977383
1906 544106089
1898 428247950
1910 996677550
1884 901315850
1871 97142102
1893 806269320
1897 991115444
1906 437898330
1880 502559745
1896 620813582
1901 202164127
1905 251473573
1903 798515224
1901 221424784
1892 190652914
1901 186053848
1899 273872469
1905 708070016
1878 865132334
1884 698567328
1904 451797288
1885 905136556
1872 516702497
1883 376857191
1905 862296122
1890 166346148
1876 389384260
1896 314281574
1878 849608797
1881 363657679
1877 225929944
1885 573436006
1885 388804417
1906 69053305
1911 948046731
1897 961196256
1872 916271470
1912 96713880
1903 304857762
1901 457695748
1899 399428069
1881 800656905
1906 332501212
1906 689664767
1895 863476366
1904 264518353
1912 902127968
1897 392780058
1887 706316266
1886 647196576
1900 833384177
1896 537918347
1889 359978141
1886 869574759
1890 977877541
1901 646418358
1909 812571516
1903 677714663
1890 988889293
1888 743206606
1891 590838530
1892 163327993
1903 66295782
1896 381332153
1900 724196983
1895 446907933
1880 984155857
1911 499875523
1889 13743279
1879 457463479
1885 585340096
1898 864426337
1884 192820909
1905 997771656
1901 210245076
1887 864794244
1907 787585017
1897 499597439
1890 292568872
1874 871441276
1901 376233837
1872 977993608
1883 978574786
1887 990084125
1898 732640929
1889 825308919
1890 960562790
1897 723012751
1903 236247905
1886 273407963
1903 97159557
1889 137727193
1894 480527036
1901 357790367
1888 990283161
1889 2273911
1904 941543035
1880 354125219
1893 220721359
1906 554285493
1907 742286270
1870 307373074
1902 603350765
1885 889548337
1903 19069986
1885 32620771
1891 647741723
1888 200145912
1883 759906819
1883 210877516
1911 316164957
1878 445597107
1896 272007344
1890 75232571
1884 954184460
1883 931632095
1883 660841955
1902 24578165
1902 187999755
1882 993553356
1883 611325227
1903 820432632
1880 665292271
1913 772794653
1885 389782912
1905 50775135
1886 785050452
1886 739462394
1883 994390716
1874 18285425
1898 403445868
1893 605500638
1887 525780558
1890 755143393
1885 233722401
40 294200185
1901 457341544
1903 33421047
1890 387153174
1908 308601008
1896 205490143
1886 247567357
1892 620897907
1892 209881592
1896 268436846
1885 406336015
1890 954090883
1886 250819944
1888 534014843
1895 446749901
1876 616255985
1900 559436727
1898 150886997
1920 631169850
1892 162975564
1890 389593201
1899 766170497
1900 459496649
1900 401848386
1900 113159425
1884 976298222
1910 925219516
1882 923052332
1894 847834590
1908 215951153
1881 497344573
1891 670899324
1880 134221508
1900 436720621
2002 40649486
1884 300763305
1897 965428508
1921 802264554
1893 167814684
1890 976700155
1875 353916743
1884 234266289
1901 51158266
1883 79657535
1886 104829939
1899 831227900
1878 528440578
1918 946250859
1906 193090755
1870 49432447
1895 673077566
1900 347254968
1894 708551290
1897 61107294
1891 461480905
1894 883723766
1887 55546336
1891 161113674
1892 775266249
1910 479723558
1886 100403060
1875 457830526
1888 788378153
1886 836593117
1904 336592552
1891 668470300
1887 741837900
1908 499707075
1895 83243785
1904 147786080
1892 432447892
1899 417022040
1897 421942788
1894 551695795
1885 679907887
1891 305347573
1890 996295370
1894 428285372
1885 81243354
1885 116906843
1887 185305249
1894 87144091
39 811042177
1902 835999446
1883 420167434
1891 837044511
1901 862818990
1909 300722500
1928 81201846
1897 99724080
1894 362649124
1877 913764544
1895 900073937
1910 291307308
1901 776595049
1882 618782743
1899 903679552
1885 750422199
1892 650916271
1880 246668578
1900 397093030
1898 269175881
1899 129717677
1884 982791741
1910 263459067
1871 549946574
1884 620418629
1904 532317529
1881 803784966
1894 668591714
1897 287851124
1889 898357230
1888 721460989
1905 866572559
1888 182157905
1918 677403850
1908 127483485
1890 779273863
1891 798766765
1889 823308693
1891 113003408
1887 127071857
1876 945812690
1909 232031974
1901 394530826
1904 334628201
1889 252748941
1896 343253386
1895 80683335
1907 990674518
1910 231896959
1894 434552755
1901 688769941
1875 386824916
1897 636271535
1891 409093353
1887 858366173
1901 661323257
1897 285800512
1898 158069150
1909 427584365
1902 449105646
1905 801182407
1892 284984215
1888 895991757
1890 598834589
11 258675632
1883 699952693
1884 262140932
1907 155033469
1902 190159316
1898 311877383
1885 673991867
1901 602894156
1901 780735911
1911 799965402
1871 633762737
1885 677066755
1887 589131432
1886 678722745
1893 250829812
1892 65539484
1879 291060869
1900 685796149
1898 216887571
1886 850722182
1873 227756837
1896 348067230
1879 964771790
1888 566796461
1872 817299628
1911 479683805
1900 367627267
1887 808158585
1881 44912378
1905 876561961
1876 783578937
1897 522342319
1875 810212421
1905 768969988
1896 936911475
1877 730522794
1879 970634766
1905 183311503
1868 412282064
1882 555250976
1904 525984845
1901 399887179
1900 586992206
1888 785035401
1895 911791827
1893 422829671
1911 625194850
1879 245886872
1879 150248515
1885 726251063
1895 521130317
1904 255700185
1902 587825365
1897 383643177
1914 719965515
1888 774579160
1892 644230211
1892 919041207
1895 29103152
1898 672330920
1894 859012616
1890 384826275
1887 238503994
1887 426848841
1889 957452439
1894 542820837
1907 911516799
1871 292210920
1887 668589576
1895 62544339
1891 686284125
1895 672531194
1911 847387550
1875 886414924
1893 728174815
1884 327788487
1912 397657542
1894 88891601
1870 845206918
1907 614501741
1902 798752876
1881 322500365
1905 272314380
1894 964357950
1892 663378948
1898 865395436
2011 518038570
1874 942684543
1891 574087342
1892 304742249
1904 553129000
1889 974859687
1916 257954658
1895 305523235
1895 785311921
1897 393727354
1895 735039535
1888 433254817
1896 158582778
1900 49162061
1895 726828758
1902 897636970
1887 690895156
1896 810764528
1888 73216249
1902 474291922
1900 612584792
1904 424061156
1900 708752150
1899 633875425
1907 708922018
1896 976943151
1908 262257465
1890 791435860
1893 944267294
1907 216141283
1887 249898811
1873 244971867
1895 968796465
1903 198218214
1916 983376097
1898 951177977
1898 962598979
1879 224853257
1906 664706248
37 268088019
1877 637012819
1890 163578860
1893 8867817
1891 309987987
1911 569051543
1897 922917913
1901 406299699
1886 388402907
1892 267125356
1900 722204869
1899 652733770
1915 971188784
1881 814026833
1889 214504224
1885 366878166
1893 762758919
1892 453742338
1879 141011926
1898 53372462
1903 873502587
1896 663111640
1906 814054869
1910 762674310
1893 274951663
1903 144094382
1902 199196226
1895 111835625
1900 302688275
1900 514395350
1900 929497270
1891 805625043
1895 902632799
1887 546411462
1886 763544255
1894 488709624
1885 836123263
1889 748093505
1900 718923002
1906 410913109
1875 321809326
1916 459204162
1879 724242399
1900 303568207
1898 69959132
1885 597231638
1880 672917423
1886 254627023
1906 324647371
1893 913271536
1901 429235529
1898 977183116
1903 549770163
1902 889884444
1898 886346727
1900 811404376
1888 325975925
1881 84683142
1895 172319010
1901 207216987
1888 432927616
1890 852002081
1905 905185284
1902 818016203
1883 345087370
1897 629362977
1892 789207302
1904 298355497
1902 589774110
1894 921846486
1902 723215008
1906 650094042
1883 639338586
1876 983107604
1878 730859442
1907 54105990
1906 988389064
1881 698333380
1899 234835361
1900 785509746
1885 496156485
1901 142767489
1886 806368438
1907 750364351
1909 937845630
1897 586185771
1907 824785430
1887 462984052
1902 537050769
1914 194350401
1899 590791268
1895 930825899
1873 967140400
1888 571763692
1878 331846460
1893 226930762
1900 174574071
1888 206594018
1900 585882026
1903 439930887
1892 626213131
1887 288122996
39 891109559
1911 668283121
1898 538286564
1898 645368954
1908 994448550
1884 480593969
1895 599054994
1902 828702806
1893 181848009
1898 966121052
1887 125961138
1918 4044371
1888 486584735
1898 376812065
1897 940314914
1892 535908047
1901 625212175
1900 46853635
1901 316236617
1904 162630835
1880 824595625
1874 604458223
1885 164980647
1915 384913247
1908 396912560
1893 473661772
1918 806817392
1900 815148245
1894 663767246
1905 757098488
1883 646458095
1897 42646683
1886 102820561
1883 610994953
1891 609868986
1901 321059673
1897 482239200
1895 739701284
1917 773835219
1914 683903821
1891 979626629
1905 751203481
1893 263072250
1908 916308415
1891 290307651
1907 589844724
1882 267201492
1900 28661917
1892 632441888
1885 119421265
1877 856851978
1898 414214337
1901 33305471
1891 358550010
1902 589194336
1906 169906259
24 97403561
1901 642458938
1890 597796681
1891 40267425
1899 367587856
1904 323975721
1901 46923737
1874 899604394
1890 187949658
1906 531944313
1901 381722271
1891 392672307
1894 959756367
1887 347485618
1903 86110206
1896 593390848
1883 215283660
1881 622211911
2001 149973831
1888 622766621
1885 264190404
1893 536099310
1875 900577915
1892 903512649
1911 989225603
1893 464997691
1889 927332888
1889 824176483
1894 639980014
1895 671925728
1875 424624689
1906 828630280
1902 898485348
1882 826719735
1883 571951685
1886 109828180
1904 222339927
1915 924105211
1912 985420429
1912 379218354
1882 976577861
1890 595331174
1894 660073071
1891 571853764
1894 302337705
1891 538554035
1890 944487897
1890 481138153
1896 19852427
1880 939487582
1897 53769977
1910 164848577
1883 115936260
1891 607680565
1890 79948207
24 956501618
1900 795031913
1894 783339471
1902 297594329
1888 853755875
1902 179583438
1911 726551200
1882 902533342
1867 814724613
1893 651980926
1916 736577940
1893 350185660
1895 515490098
1899 686699746
1896 277833816
1871 635734116
1889 312566810
1888 614150817
1884 972159099
1911 926206412
1893 15608572
1902 884386150
1892 893649423
1900 753938681
1888 397732870
1880 499352389
1886 594774856
1880 685402676
1889 535001563
1903 571304223
1871 755681687
1908 928170460
1881 743291884
1889 320012056
1898 806054764
1898 490114145
1899 384968728
1890 747038428
1917 556444230
1901 711196360
1895 650438159
1885 986198079
1900 846195404
1884 301462
1911 281690063
1902 405695548
1903 316876075
1887 421292888
1892 335025839
1900 606111045
1901 970127487
1896 940275898
1894 697505478
1888 796767656
1904 555207699
1891 905300942
1898 930895963
1899 40940596
1883 936935483
1890 933327404
1890 892045702
1890 24497015
1878 144133347
1897 17508324
1901 988171748
1903 181777115
1886 674153737
1910 244408458
1889 243034547
1899 290178998
1882 470996199
1895 964521496
1881 696457982
1894 186329399
1880 325492675
1881 556008636
1903 909039182
1880 431944877
1886 429149676
1897 692324482
1872 659811577
1906 435018447
1888 654236178
1887 640114278
1903 645865405
1889 586537878
1892 318036550
1889 380965614
1891 387669171
1902 605203602
1890 215655962
1911 779410235
1876 157726035
1903 837731733
1872 387360152
1896 882127554
1876 604058789
1896 905397192
1894 3066550
1913 213987396
1895 478939240
1899 414872362
1882 815315115
17 527170547
1880 603296586
1891 827151528
1879 274231319
1871 24087250
1880 185412082
1893 486352045
1890 938242950
1884 820572433
1914 669310488
1875 938242210
1908 777561721
1891 885015075
1906 505396200
1892 71215672
1900 88449828
1870 632592328
1886 839865542
1898 179045942
1884 657697917
1907 424971437
1895 906371171
1896 965294704
1896 607300858
1880 897044135
1900 700285729
1901 900802944
1894 715141960
1911 988770047
1901 349075747
1900 655920863
1891 953191536
1881 706325783
1886 428390422
1868 323615191
1885 267876004
1906 833069120
1893 494288012
1901 716792977
1893 449538287
1884 569891011
1868 412041808
1907 74378108
1895 301264048
1902 231582851
1869 731100286
1894 679466706
1906 822316824
1891 842778270
1884 634883438
1897 681335649
1888 184653245
1890 566343957
1899 235976373
1897 150901924
1885 235344230
1883 228199047
1891 415067054
1899 260529172
1905 740662879
1900 822180335
1898 392256133
1898 615932242
1888 222259265
1888 610496287
26 769407279
1898 817760407
1906 736683179
1890 340710067
1898 617483145
16 932452862
1884 168806754
1886 370342374
1899 325329532
1894 132670002
1903 500148790
1896 481953464
1891 798740333
1897 130878634
1906 191238354
1909 361193445
1880 97028893
1871 613288124
1890 719986719
1878 503731021
1883 143361327
1883 481528070
1894 490548017
1905 91090802
1898 863758164
1893 892072892
1894 810528366
1922 796815017
1905 615825085
1881 104487330
1873 407969793
1874 128665860
1902 134575710
1890 316195264
1905 851291387
1895 103144195
1908 485422630
1886 588971126
1874 130750324
1901 970091
1898 678262417
1892 689696470
1879 597854324
1891 111198798
1919 419377048
1889 618828590
1884 967368977
1889 257131797
1897 736290318
1888 153479055
1882 952421626
1887 224803434
1892 819549111
1890 967382219
1896 669701968
1905 302608235
1909 580011855
1907 119619700
1898 610907129
1900 488426210
1887 687207452
1906 267106313
1896 40220520
1880 626114031
1873 895336273
1902 496869229
1904 610506559
1883 523105659
1892 614950810
1915 690684819
1889 581740549
1897 643961357
1897 623083991
1901 642870081
1893 587508111
1897 418927481
1905 20809912
1899 326504023
1888 456903335
1895 975460551
1904 445092314
1882 385916797
1904 748896978
1900 601918383
1912 43211671
1904 683925600
1903 962001834
1891 952357657
1890 437022762
1903 135425353
1878 395577706
1908 257615257
1887 454200676
1906 155736540
1880 487282457
1896 596967137
1887 844558653
1908 885379803
1907 435530672
1887 727516976
1897 325891412
1889 521604806
1894 770434521
1895 798763873
1889 843497955
1894 365957973
1886 685219579
1878 295493736
1903 657393683
1894 944059745
1896 734275609
1884 363107822
1887 727024576
1900 920605118
1907 41985975
1902 868859247
1893 372998632
1893 644115291
1897 737491263
1903 971654294
1907 765242952
1898 933679786
1899 458601201
1892 842996657
1883 742332540
1893 154094002
1890 840355884
1902 51761538
1891 706118928
1884 835799724
1901 665649189
1886 847995106
1874 5578802
1878 933198603
1906 14572215
1883 482768817
1893 839059083
1905 720594037
1917 661874035
1905 884154623
1895 598138599
1890 836463035
1881 911140902
1885 251942799
1917 607958076
1896 740671437
1910 24340735
1877 206167588
1911 742222430
1874 726510579
1886 284053546
1883 632249627
1906 415018640
1896 146358501
1892 36847981
1893 232749850
1890 584209039
1902 47062258
1903 902042998
1897 267013853
1870 293475410
1895 185497462
1892 994222095
1895 324192229
1895 15700565
1918 446403801
1905 286326855
1908 331326882
1911 821064376
1881 298970084
29 9913175
1901 443941037
1891 59574055
1884 253552332
1911 125259847
1892 633206045
1885 492349887
1890 704466672
1893 198474873
1889 857838191
1898 370407373
1901 583555590
1905 954279065
1895 455016208
1889 972430249
1874 823548767
1888 4508992
1903 96488219
1901 977780544
1894 961585435
1899 847451294
1886 903975627
1890 964983684
1892 163233822
1898 795870837
1906 788741150
1898 677488352
1889 373854640
1895 431625729
1884 316276961
1891 661094809
1875 930331012
1883 344981788
1882 572920450
1897 639211497
1891 907904206
1892 794346275
1904 31879506
1887 557776546
1908 903432405
1900 236385862
1892 583894659
1889 804232017
1904 944484031
1872 287558702
1879 494697341
1907 329189682
1897 786226944
1892 204474151
1889 394235115
1992 295155818
1897 465829446
1897 443390160
1886 618202946
1907 24075020
1898 86911330
1892 236188189
1894 476763614
1898 155399515
1888 974801832
1901 459453337
1883 285152324
1901 107540114
2025 120766129
1885 75968871
1884 710216475
1893 444598989
1912 430784929
1881 896411569
1885 302165563
1885 521744055
1905 325140893
1893 790531150
1904 658380270
1893 94541655
1899 984234543
1898 382240948
1916 38430762
30 228274853
1897 321660432
1904 336398071
1899 490092536
1905 984441691
1898 145400488
1893 910763071
1888 205355539
1875 347428996
1884 104459299
1892 699593475
1889 537547282
1890 186709142
1899 29052457
1881 994264224
1894 982195249
1907 234963553
1899 743164988
1884 539836400
1900 50479461
1888 579171258
1898 956646103
1905 938690250
1885 834246898
1886 628665128
1882 500092484
1872 717608833
1909 431305216
1895 233931367
1883 718701751
1899 486846755
1904 350257200
1896 262042605
1909 722440419
1892 190301719
1894 479800677
1912 435043320
28 432180820
1904 486663278
1897 969656220
1895 101605700
1899 835659182
1897 656512433
1890 337340975
1899 707010338
1881 146660374
1884 495708624
1895 412714819
0 0
1892 726250343
1900 930500992
1910 633785598
1883 946198153
1895 453929112
1908 811388733
1912 616125546
2006 736362047
1898 838610039
1895 924696781
1902 275138715
1897 859974450
1891 419158115
1895 276146188
1881 356978375
1902 172851180
1902 841671161
9 678748180
1899 641899190
1901 947205404
1883 491726320
1897 807776957
1899 119832875
1881 742925874
1891 540858867
1887 239017481
1886 258218919
1896 106116886
1887 661661181
1896 685824306
1899 419356838
1904 349842148
1882 403496293
1882 408897735
1900 216081237
1901 858753224
1905 874639649
1894 468855752
1898 555271851
1894 794060553
1887 679797893
1889 452802315
1894 247530593
1909 117490517
1897 101509803
1896 674782441
1883 871124701
1903 588053099
1889 645278680
1921 483448454
1906 582440832
1890 462692645
1903 174593707
1882 501957711
1887 669534163
1902 681012626
1902 242358131
1893 780073712
1882 299398306
1902 470669342
1910 547128328
1902 851465715
1900 415956583
1867 722346420
1883 991785071
1902 826055059
1891 35776959
1889 536541333
1909 644851887
1885 154892522
1890 724621945
1896 154217930
1908 49922411
1892 685041099
1881 741514983
1890 241453604
1904 921586455
1884 351783335
1896 522039556
1894 688151607
1895 818676116
1887 941792800
1896 530475226
1903 640805589
1906 671338208
1899 398409405
1887 342966912
1888 355626983
1882 370282753
1891 652050803
1899 450295644
1883 461280700
1890 723500828
1898 71108110
2001 97232430
1875 232818251
1898 965649757
1895 899917487
1891 279446330
1903 308553163
1887 905488806
1890 736785354
1892 323171834
1883 624727943
1875 894903711
1887 790639668
1905 367794712
1899 695558101
1873 281293767
1906 586399787
1891 461498236
1897 214452026
1889 730587604
1890 855773113
1889 578936957
1895 509503584
1894 14856275
1883 492653621
1888 186192123
1882 895653370
1885 919926974
1883 565038358
1908 175507394
1902 973874164
1905 256568900
1896 402481835
1896 240688178
1903 424086382
1906 917221700
16 933092871
1883 561194045
1893 14285826
1907 346757230
1872 838294422
1895 963591503
1885 416919647
1899 47865870
1900 844738876
1891 625419140
1889 891292478
1872 308659837
1886 870873390
1872 249360413
1880 418021934
1876 492307225
1908 445506665
1889 159260866
1864 905965389
1896 973534045
1885 23349832
1892 766955778
1894 14732105
1906 675043772
1873 866649897
1902 462378498
1900 225672894
1898 78422101
1905 822807619
1882 578083472
1893 599245687
1893 986719890
1888 720350452
1883 233825197
1887 75201508
1888 217553284
1901 940545133
1890 108604107
1903 313455879
1921 689521925
1890 355446828
1902 764264527
1884 360802650
1902 896976526
1888 489756277
1900 800335530
1902 233689336
1886 385046255
1889 937789515
1897 515179486
1897 32656572
1905 477962405
1899 668160072
1883 116531305
1894 545307042
1904 965376317
1884 411886129
1878 984954069
1910 7158477
1895 955732321
1893 519528468
1878 217823084
1884 448447609
1892 969216135
1880 285416277
1909 141406645
1878 828386966
1894 83108901
1889 73148217
1899 365462850
2024 98074548
1898 934386065
1886 642015797
1894 414861327
1911 913997661
1886 219406526
1902 459246790
1901 707200932
1916 678616432
1897 846729885
1905 253260345
1907 212689065
1897 371016130
1870 402526825
1884 663637150
1901 473129304
1883 627762945
1894 604137063
1914 778677219
1887 34303816
1902 273478232
1892 336443978
1887 390950189
1903 818329934
1892 68032172
1902 712703520
1893 859894108
1903 767817187
1887 108014268
1908 486103215
1895 829064524
1900 768220840
1886 898482763
1889 248327992
1899 459763522
1886 607216709
1909 727840145
15 133207243
16 932593146
1890 390857313
1895 962331939
1893 496287489
1888 969631723
1908 439575372
1897 106400083
1897 808981595
1906 943122644
1885 363697436
1924 263683443
1897 586380450
1893 243517014
1887 587137960
1899 731768091
1903 482071546
1897 999075950
1899 408425980
1895 312058530
1885 971881668
1906 447308247
1896 815941901
1877 47949186
1879 642358740
1902 372124509
1895 652723328
1899 421618250
1895 347278151
1885 760985404
1896 277320199
1893 813283522
1907 390737074
1894 289108820
1887 536206430
1891 185958227
1893 840631992
1897 214762126
1902 179517641
1897 161701467
1902 268967069
1891 782044390
1876 816548719
1900 196065742
1886 560349488
1884 529824837
1885 118421609
1893 701526331
1892 666612860
1886 42112100
1888 419465444
1911 914645410
1878 748765370
1891 821578013
1889 404095406
1904 774334217
1899 523865464
1875 744323177
1909 616086597
1889 683490282
1895 418760409
1891 686777598
1890 8417840
1904 862971327
1889 257765326
1904 227521058
1900 584795072
1893 411507067
1890 321564203
1883 141989339
1891 143650428
1902 532643959
1890 973640740
15 133215707
1872 987874858
1892 734624499
1900 924988023
1915 75384500
1882 930771696
1868 175736034
1893 202862320
1892 567829876
1907 149983510
1884 676817128
1891 919604644
1909 464906177
1876 968641592
1900 943982822
1896 628082542
1899 824324054
1887 214186249
1893 16082091
1894 932720317
1902 896725108
1892 844020334
1887 705433189
1896 881414966
1882 304004247
1896 448916691
1892 591857489
1906 810189593
1891 948950644
1887 339966904
1903 944147616
1881 846745829
1896 203028217
1899 853215737
1920 112965742
1884 227383966
1902 432704157
1905 81115169
1900 711628814
1897 401176844
1893 519853657
1879 291648866
1899 455947516
1898 442458325
1900 381094090
1888 15144024
1892 438673709
1899 46062011
1895 355535139
1881 287562773
1893 445828156
1898 462376437
1894 105794346
1901 917492705
1907 590117633
1893 444376236
1899 639242451
1890 818858202
1912 555671446
1899 152176933
1890 585283634
1895 918099357
1882 676348858
1891 497938858
1895 999127666
1887 935683235
1889 516796938
1875 444805578
1886 271155522
1887 310836725
1889 860185927
1889 630064760
1899 633022376
1883 152832402
1877 963055762
1895 268402975
1908 687235322
1875 10250586
1892 943364716
1891 670157975
1895 917717895
1887 145191581
1888 259589138
1891 178960472
1906 976515745
2001 691579773
1894 35013381
1876 258296785
1894 915857445
1897 255798497
1905 273279821
1878 457619521
1885 606669477
1885 853217995
1892 678082840
1908 459400121
0 0
1892 687605141
1895 101725418
1888 300741835
1899 660446805
1918 308408293
1903 138839853
1896 307194057
1908 201445909
1895 776609315
1890 453445325
1886 461825228
1883 902830
1887 821137826
1910 285889705
1912 67759390
1900 794603587
1896 718723513
1891 786149042
1899 148754127
1872 718898209
1893 434323489
1892 554072090
1890 668780495
1896 348120551
1892 618218005
1891 766603864
1903 509528652
1899 875816569
1890 677347439
1882 163338993
1899 788777324
1887 237888507
1889 204829985
1876 791688591
1903 740767141
1890 241286428
1884 713366815
1895 672499105
1887 159669395
1892 808099976
1893 924453322
2010 167662516
1894 592664445
2028 807130602
1909 32994270
1905 81675583
1907 615321243
1887 927544803
1908 94954012
1900 522458093
1901 808281422
1895 766550274
1903 208738230
1894 740025960
1880 341453879
1878 847836281
1883 386480648
1872 696144261
1902 73811097
1895 271002887
1899 905951867
1917 291214514
1901 35399207
1897 756644036
1912 344185451
1882 39530464
1896 278649621
1890 645982523
1884 198870729
1889 834063834
1887 705958296
1892 587306941
1897 759767443
1888 247937205
1893 134939574
2002 792790173
1893 538902122
1906 255952905
1909 560300876
1888 293948410
1901 737794825
1874 171964816
1903 721978361
1887 751709917
1903 332740808
1883 745293666
1884 396614986
1907 634765047
1907 73819175
1878 244730010
1873 248823681
1903 591687213
1886 650944789
1894 359756947
1895 270128289
1887 861673982
1880 639834284
1882 380640471
1883 908684119
1882 674814935
28 432217640
1882 613509179
1902 510947824
1907 962520658
1885 975774578
1874 563182016
1889 975039881
1877 922263110
1892 167057514
0 0
1884 977179007
1895 377810301
1900 445140002
1899 313081766
1898 741760856
1889 50075956
1890 370494646
1894 542176117
1891 132796098
1895 423418781
1886 282394236
1900 656339091
1902 673052783
1893 272706087
1886 580362549
1905 980919451
1901 737674283
1889 891820627
1909 855007777
1892 291772072
1897 588441586
1905 879133683
1885 82229746
1900 8791732
1894 329545796
1891 19953346
1905 547377544
1883 236765955
1890 799825600
1893 141753185
1897 235738095
1898 980592371
1887 768991443
1890 69289380
1892 224498642
1894 819764900
16 932580545
1892 194427747
1901 523382818
1895 442274276
1895 22930684
1887 652872036
1905 616849472
1900 379175370
1912 294892530
1892 110311303
1909 250760351
1877 244330158
1901 440507485
1898 656001625
1901 650161086
1895 381505915
1893 360931138
1896 458331172
1894 243829118
1900 34486146
1895 815035209
1903 339829016
1882 701551185
1909 344483851
1894 324253429
1896 767171690
1905 738098881
1870 953094380
1911 224772551
1903 285327238
1902 761874247
1901 343975440
1871 478042770
1906 624262385
1884 824965956
1888 897703712
1896 320235438
1884 531355066
1892 439413719
1911 925777195
1903 68381576
1889 268206800
1891 36508650
1907 966022214
1893 902966186
1899 901316348
1902 517636175
1906 641506612
1893 170114001
1907 54514607
1893 894648252
1886 995524179
1890 494791310
2006 685733815
0 0
1906 998349314
1881 306385530
1894 498137434
1907 921002
1882 585763425
1911 997525954
1895 81280319
1897 309334417
1890 598663191
1877 164025277
1864 552222354
1887 678709654
1891 594512987
1894 407849074
1902 260122708
1895 512236430
1893 48502262
1908 920323992
1882 234894261
1885 8425683
1905 464552999
1878 207963393
1887 741290306
1904 284916173
1907 105994798
1897 565524919
1884 720464577
1895 13805285
1894 395258085
1896 33251400
1894 393178120
1906 61242298
1899 614580820
1890 753578168
1894 20998307
1884 209797339
1904 31137373
1880 448433035
1874 838012869
1887 114202270
1902 700474093
1915 7473572
1884 952138627
1880 486966429
1899 372958351
1895 844339855
1907 883892199
1885 779164437
1901 715151307
1898 101262508
1900 824598459
1903 993826014
1902 289404246
10 751240038
1912 155721011
1897 103837317
1910 548817850
1885 264230834
1893 40602224
1891 414830867
1907 336354209
1891 235200373
1893 338063479
1898 20310840
1886 847977035
15 133266226
1899 67799182
1913 264370435
1905 906693917
1894 511539118
1901 655006971
1883 483988176
1899 750731544
1900 930358215
1905 710574747
1888 792125053
1890 881260122
1901 561756366
1888 990311496
1891 637938807
1914 843235331
1879 976658550
1898 996519941
1877 902993270
1895 177015769
1890 170642312
1877 499811915
1889 651086216
1898 528360697
1917 43781479
1898 243266624
1896 874978848
1887 38254930
1893 496858020
1885 557912116
1908 384787865
1893 43760312
1882 593310650
1887 17109434
1896 531214795
1902 510239617
1912 40226460
1891 894464175
1913 957250319
1882 989061417
1908 959061475
1885 275043459
1881 567317468
1885 442895665
1887 154212281
1905 594947450
1897 12273033
1879 334710520
1903 832599172
1888 875076213
1898 125130461
1896 665273484
1883 819766422
1888 208956110
1902 688659531
1900 332203952
1903 658686880
1892 729923010
1880 493545057
1886 485780029
1884 550217531
1887 680967460
1884 966760920
1900 502134597
1905 902071816
1896 717666493
1900 638742259
1899 703835593
1909 936211778
1903 542197178
1895 618470659
1879 654493163
1878 883814509
1893 179882314
1889 687216645
1904 72826123
1896 311651831
1901 185877590
1906 912031949
1881 420256154
1900 569406532
1895 358308210
1911 154569183
1892 169234103
1912 264179172
1896 186951190
1901 539323938
1885 373692071
1884 977619522
1898 248416353
1902 345838319
1900 13130928
1909 492242405
1903 672665968
1895 749722863
1901 459594345
1904 795463171
1887 940132225
1891 808585247
1897 109589345
1905 983172673
1888 257304550
1900 9198204
38 908945756
1905 628595383
1919 923238277
1898 657449356
1893 806822195
1894 509912151
1884 756202041
40 611798346
1887 69743259
1893 356585907
1890 16651160
1886 884765898
1879 480789149
1883 41417521
1882 974722495
1903 349742796
1904 748439601
1881 343933506
1890 995074483
1906 721197170
1888 959837277
1891 159155576
1885 945589460
1991 193288995
36 710869686
40 131218086
38 708939625
37 946655033
2002 3167593
2002 572997018
2006 482082642
2006 343635187
24 190861261
2010 153920318
22 15412753
20 551271379
2012 173621659
2012 23509452
2012 972724017
2012 617225923
17 527551585
2029 901384827
15 133207235
15 133295381
17 527164571
14 733315206
2025 12503453
2025 226412755
2025 723777862
10 751238024
2029 301494411
2028 766428071
2029 358005143
4 813534
2030 980675433
2029 440470304
2030 662942013
2030 216824826
0 0
0 0
0 0
0 0
