2043
1917 392251915
1897 416845328
1903 186507249
1909 444325550
1914 929947294
1889 12776292
1901 872097865
1916 588258901
1901 719548806
1916 858799106
1923 524737172
1909 931808100
1904 564697297
1898 42089080
1897 951152308
12 214784291
1886 820426055
1914 863653139
1910 836623461
2019 194846984
1915 862980453
1903 51794746
1912 301134165
1906 372273815
1901 71722947
1911 220525992
1912 865824643
1912 956651018
1902 827258178
1897 658191230
1892 540198828
1913 752156312
1915 898248499
1903 465999041
1915 422096441
1910 901388466
1891 491299275
1900 186793095
1889 689902974
1893 710785677
1904 360144045
1906 20880675
1916 755021406
1911 724934645
1920 999439880
1895 358803966
1905 744673138
1917 466299343
1919 720836196
1914 972795203
1903 190853096
1910 744724659
1892 428581722
1912 623329725
1895 15009971
1921 795841332
1906 256952100
1904 30149953
1894 195711871
1910 354912716
1902 781981044
1897 244400542
1923 936469714
1897 279755936
1929 889952124
1931 219535140
1905 267676894
1888 929118394
1905 673115079
1923 472559470
1931 436985349
1910 698497492
1898 254881381
1892 368888742
1900 316275826
1915 55626326
26 753430577
1892 706191293
1916 890771543
1907 105117798
1902 586957854
1909 149604647
1915 469419211
1893 353687432
1910 99166346
1889 599152602
1901 509017868
1907 915925230
1903 302913323
1897 350414106
1904 785179327
2023 7481255
1898 528550888
1923 418755143
1930 800768953
1906 589752540
1897 86605611
1914 529803163
1918 414886190
1913 424513983
1891 431277377
1893 569820121
1922 101953991
1895 369614706
1908 669227703
1909 864116762
1898 288804496
1889 64875706
1912 657618755
1906 103115619
1891 255198466
1902 697780052
1892 585900242
1904 396018277
1901 225000946
1888 755282710
1913 308831737
1909 436679063
1899 662851510
2031 369443835
1922 967996051
1905 168561894
1917 584563812
1921 220260229
1881 107340119
1894 607516379
1899 873612828
1890 355904204
1879 138094485
1903 147794417
1921 817087152
1885 200108432
1898 218695448
1906 10420105
1906 785543060
1921 411016049
1904 19193805
1908 224459519
1886 831156307
1920 167911443
1914 946032369
1904 185700972
1899 184142221
1910 546938034
1900 20713762
1907 399252262
1912 816191838
1910 267201299
1913 931440530
1897 847855464
1929 694399148
1890 953801106
1907 427489611
1905 570375176
1910 794139600
1925 297276218
1905 53531807
1911 655709349
1917 915923261
1902 99702544
1902 744825373
1912 704690434
1907 850418621
1904 101832741
1900 321464926
1915 959456837
1895 549274478
1904 524243271
1894 25399140
1910 846229288
1907 905925090
1912 460488211
1917 444395359
1904 126876556
1904 128043125
1921 9421757
1906 595192880
1906 248438356
1902 839382035
1906 190940061
1913 148163605
1904 873383329
1902 787704073
12 214784291
1909 667856704
1920 908814317
1901 819265847
1889 287754241
1902 849512740
1921 209358861
1894 926513079
1905 755086518
1917 694559411
1900 436159477
1914 383913660
1898 233301639
1911 164185577
1910 437910058
1907 174280579
1910 420640256
1890 981778235
1904 25426917
1913 650289198
1911 144542508
1897 241347295
1895 45757186
1907 373701115
1889 451231133
1919 385256609
1908 959694498
1913 622996632
1909 809039198
1915 253635296
1886 331183486
1888 79020562
1914 421832559
1912 669728495
1904 25574373
1909 585265685
1900 496099395
1904 397565154
1894 250601668
1914 158847913
1927 835935763
1899 5676692
1895 143545954
1899 786815946
1910 206624307
1898 680898951
1898 269496903
2031 37033377
1891 684505211
1900 524712627
1906 319273812
1914 191417425
1913 558086608
1907 62298973
2023 835069069
1897 851067558
1900 709839552
1918 442379293
1897 219925829
1900 379492962
1910 494886431
1918 59492808
1906 100893408
1915 584406706
1908 539984741
1909 347163517
1901 265728795
1913 485241672
1904 429070559
1903 524114875
1883 900800434
1910 712697784
1906 105497343
1900 862894258
1908 870722504
1914 414371356
1898 913394973
1905 761230943
1913 409259480
1909 545911210
53 882446492
1888 289847411
1900 282777022
1900 505433671
1915 471797344
1913 178190398
1905 912951482
1896 927220397
1896 983787564
1915 474011213
1914 577178234
1899 831521202
1904 279533954
1901 780518302
1920 578236000
1905 134903583
1895 556752975
1887 518407891
1899 716058712
57 415559193
1889 731137526
1912 175777406
1911 572113476
1918 948182005
1913 114168910
1908 934012775
1915 471529802
1904 448170372
1925 881556908
1920 173907543
1882 94402457
1894 141016366
1906 330706251
1921 76484192
1900 908344144
1907 698279525
1890 168785271
1919 411013921
1916 284669572
1919 283617450
1909 602569499
1909 946772364
1915 659376696
1925 647258781
1906 133452731
1909 114897018
1891 986027885
1912 678058703
1896 305984406
1884 12550879
1913 657193541
1908 815699650
1908 468641993
1910 42946779
1902 89306744
1913 853184362
1926 32030422
1868 704891999
1902 620426816
1918 249698726
1898 439176998
1920 486597932
1900 841779641
1910 381899876
1908 459122183
1907 63082846
1888 655708976
1904 491120445
1903 265968294
1907 775391845
1900 393001483
1903 186262620
2013 427852220
1902 341306613
1904 575420862
1889 246750896
1898 754518733
1899 735724086
1908 611733043
1911 151623485
1899 146967056
1886 836123563
1903 710011455
1913 417409154
1891 811350743
1906 765003610
1893 520436395
1892 879657865
1909 426690834
1911 109522307
1915 1105689
1897 349699560
1909 996224695
1928 429533282
1915 193851198
1892 273769835
1910 266391687
1896 501852823
1902 642757829
1910 393144349
1881 325498794
1894 3385224
1896 889252648
1909 382538335
1915 121128672
1903 719398349
1897 983271318
1911 26985696
1904 999336634
1891 679190997
1906 410799438
11 182144858
1902 430527954
1898 391852896
1913 555252782
1911 296265063
1911 913736855
1890 514344079
1907 535475088
1912 708875290
1896 665296343
1894 383296949
1906 699514787
1902 601181046
1916 548519090
1913 490114452
1903 926045064
1906 875378213
1888 581180706
1898 565271585
1908 411629132
1908 478720002
1896 913700006
1917 340699998
1900 230446394
1904 432883889
1879 90669035
1912 294440359
1903 919298441
1926 167846042
1903 262849777
1907 663368805
1898 870943851
1885 129183018
1909 170453974
1909 198361492
1907 557895148
1901 772482757
1919 487998948
1893 839257310
1906 506057398
1918 310703817
1889 544231222
1905 149210397
12 214784291
1906 162861552
1905 190882918
1910 948639890
1909 219689453
1914 223741803
1918 172630603
1905 582948505
1898 708624600
1898 935550387
1921 983033585
1909 371957002
1929 120072794
1907 10375527
1882 253285048
1922 631490138
1919 937635647
1903 148184921
1910 474611925
1912 990496037
1896 213433350
1903 910139001
1910 301815105
1912 168002423
1897 552816144
1900 812279771
1911 795390666
1890 55645054
1912 442839661
1889 133813908
1918 987377829
1905 76708919
1912 959118210
1888 835397363
1911 875305807
1916 180768674
1903 589346314
1897 323845003
1895 996035332
1907 352743431
1901 267318995
1898 529359997
1896 460148540
1916 919245397
1911 192109548
1913 330917626
1913 686680663
1919 486096205
1907 625242887
1903 678410882
1919 747561866
1906 988673355
1895 518737712
1919 341213585
1917 568750878
1918 224529070
1923 225681045
1912 784261711
1898 383667685
1904 603219107
1917 905230013
1906 445603456
1899 674968871
1895 162363223
1897 153775752
2013 975075893
1910 711809542
1897 206492177
1889 441152354
1914 305255772
1897 383684618
1904 753775811
1901 404081751
1880 136390361
1923 32597144
1914 504515706
1907 244912715
1896 499020646
1916 95228616
1910 52033202
1903 992218867
1915 542899356
1904 954672750
1893 740799128
1915 571768809
1901 344575908
1891 948551348
1901 344066909
1898 659617473
1909 780830428
1918 847109260
1901 264090748
1921 560597955
1900 410015125
1904 586997590
1910 648741371
1917 341897314
1911 760997887
1901 384487731
1924 400128862
1917 933953645
1909 372552230
1910 879491872
1910 608399741
1916 484093871
1908 650951653
1913 470330984
1917 60069006
1912 253739936
1924 351204050
1911 429520268
1903 485774027
1916 642990583
1909 625341943
1906 728594816
1903 827795909
1889 632504087
1901 169317670
1904 573023196
1916 147436747
1914 388497367
1908 944281110
1908 204331457
1913 866993494
1916 804496510
1902 565049652
53 882446492
1909 116785214
1892 354345042
1900 298282184
1898 845768222
1919 167800232
1914 73418394
1894 415883974
1913 653282762
1908 51717799
1920 142271802
1905 431608961
1897 743928955
1912 526310766
1913 766353277
1915 357443975
1910 335219374
1908 985102626
1895 456023500
1906 37909698
1906 651015329
1920 182887321
1890 660732392
1921 396037187
1900 967829368
1900 562363399
1892 678195261
1892 980763884
1888 838523670
1914 115199533
1908 963643642
1913 655967602
1900 139143200
1912 925768912
1913 828478161
1909 107368514
1903 133227164
1883 518680940
1900 728055744
1915 609011585
1922 964783560
1889 135073784
1905 662529533
1924 567252965
1917 621743342
1916 827769682
1898 88311399
1906 276333570
1895 509314187
1903 826818237
1916 109664757
1907 828851296
1920 472253242
1911 786063983
1899 895981364
1895 714012334
1898 328944097
1905 835755016
1902 349217986
1915 442181586
1889 513264405
1913 496704794
1922 402392068
1900 584406476
1903 284869771
1892 830117151
1900 328612788
1906 839506622
1913 203619866
1903 187668137
1895 362244959
1911 415403932
1919 974491473
1893 376035473
1909 311851917
1897 483026517
1906 122714211
1901 832609963
1917 711780260
1900 424796767
1898 519775702
1904 711836716
1922 46495527
0 0
1902 640900115
1909 502059863
1912 742183625
1894 1218123
1900 640019277
1909 652709278
1898 343402264
1918 439772112
1923 354110209
1914 539563278
1918 752265390
1919 178058787
1911 165633840
1892 655677120
1902 486874610
1914 658563408
1913 492579082
1910 484198963
1924 103965174
1915 272215108
1903 741047758
1915 484352923
1900 100212091
1891 778402692
1910 836758865
1904 234624511
1901 320485816
1913 548214175
1908 23943372
1913 875033944
1903 728652209
1916 656603351
1900 605182330
1904 219965020
2023 986533909
1909 347758268
1906 948851856
1909 962097465
1918 906264181
1907 318446297
1917 840142544
1902 725528947
1907 824071777
1907 515968961
1924 611606425
1910 506923748
1900 962695180
1923 323263045
1927 433879688
1907 409078997
1897 984610627
1912 163442719
1922 378459488
1881 555100464
1906 506115787
1927 161410849
1897 384714987
1909 92191148
1901 873219665
1913 757441374
1900 817926056
1914 967797867
2027 628828657
2013 296929744
1908 265108031
1909 327324570
1906 953652008
1906 668871582
1896 968301891
1888 554354278
1899 580169861
1894 942549175
1896 587068364
1908 927063497
1918 28794518
1899 785515566
1911 444951717
1913 457843800
1896 809448225
1907 406986477
1915 682193870
1906 941241197
1916 742755922
1912 507169763
1911 115324816
1912 323788441
1916 783753326
1894 402268725
1906 286445312
1897 517660832
1922 377353169
1911 107721432
1908 794203810
1913 887798348
1903 913654472
1926 229749136
1913 573297534
1909 323835459
1917 457423514
1922 352883539
1900 379129643
1915 397953771
1913 399634914
1917 793385639
1910 227690384
1917 225606900
1906 692089342
1903 11967438
1906 75338467
1903 844676111
1912 527022874
1900 135154832
1902 561858979
1880 775262785
1913 387945556
1881 890178670
1894 22246759
1920 245737346
1902 44800717
1904 79943578
1912 380807124
1903 121052556
1915 414380805
1920 298823639
1915 722983126
1902 378360151
1908 159782447
2031 73358558
1902 268358134
1908 350597196
1888 443512856
1905 235022637
1896 999503406
1899 720342907
1922 829987856
1904 235571732
1894 116207165
1909 197730122
1916 335321128
1923 646143358
1902 89937412
1899 494026132
1894 632870294
1930 647273187
1896 938748413
1889 356834431
1908 308543524
1913 956827744
1904 244185041
1909 952221432
1903 206472159
1907 894044601
1907 366485472
1894 33567671
1919 579113036
1902 409207137
1899 543472915
1910 535690772
1915 87457471
1910 820638842
1927 573004807
1906 624162398
1909 369671135
1893 551638380
1903 632157566
1905 522845789
1912 257192197
1910 619491425
1905 734865104
1903 682214730
1906 323808819
1909 525307848
1927 662360945
1884 821004354
1907 38508583
1895 490834537
2013 809096764
1907 759895210
1909 822741396
1897 730980793
1917 112935922
1904 727305059
1909 477097791
1909 926051623
1915 851768173
1893 470656913
1912 499098179
1906 59837047
1906 517629075
1893 592530427
1912 796163048
1900 731019626
5 5712970
1917 741579955
1902 9126785
1896 952643034
1927 23854230
1884 522806936
1906 640454574
1909 782200095
1907 166193255
1914 242306025
1906 761733067
1895 712550764
1899 589874853
1895 655380875
1906 431596635
1895 941551059
1899 348267658
1904 273541069
0 0
1904 659468732
1902 663616887
1921 408763985
1904 412309654
1917 358098424
1913 642650369
1904 980443072
5 5712970
1905 404883863
1905 647824803
1915 494160574
1925 175886058
1912 851638523
1901 707316443
1917 623944731
1909 479095598
1912 208994624
1909 290413969
1891 469022109
1901 302348109
1921 83469460
1914 468104039
1904 142152380
1906 737213096
1910 731898376
1891 152093451
1912 782254454
1892 643486132
1892 58038770
1912 445468166
1892 856692041
1891 511165843
1917 6641053
1886 708175258
1920 622554249
1892 769483543
1908 682587919
1884 441602465
1905 427777889
1910 871948821
1906 637139126
1904 124848995
1906 253085722
1927 822869928
1903 986868939
1897 317459232
1925 599517392
1903 597073333
1922 656217314
1907 618206844
2031 876781531
1909 579913739
1913 747280718
1888 692551357
1917 355247966
1906 904912368
1896 525404330
1896 996506052
1918 169588926
1912 395639599
1915 285943131
1908 696328097
1889 481644212
54 177140331
1925 751172226
1925 972238950
1897 901334375
1896 29087965
1909 415679125
1892 375893829
1899 401725886
1911 197525070
1901 950364691
1913 326670910
1899 15791627
1908 922096126
1907 314788136
1911 651933311
1898 695130075
1900 446015563
1911 829096518
1889 595893445
1910 175026474
1898 576203407
1919 564434089
1926 176627741
1918 552807073
1906 148790627
1906 89108611
1907 781765287
1902 295379903
1892 285825916
1922 108740922
1896 424309883
1907 164752223
1903 380248742
1906 964713596
1907 506982113
1922 59727607
1909 731606066
1907 765353074
1914 828720495
1895 145191275
1914 384471762
1912 507824353
1891 794290638
1897 759723840
1909 65158638
1904 587349292
1905 201264967
2027 777990810
1904 916728343
1912 939773291
1896 786520057
1903 366478670
1915 297222512
1906 582489057
1909 226192605
1906 217235193
1916 285645841
1896 930989856
1909 928944930
1914 673068341
1900 273739533
1919 522414756
1903 154961830
10 24760097
1894 321531793
1898 706290252
1921 725656652
1910 124291358
1906 370708541
1918 690667958
1903 917705612
1920 39266189
1919 684173088
1907 787144723
1914 981753791
1931 267064918
1900 273216357
1909 264016722
1920 273951542
1919 240735749
1913 64908275
1924 717837246
1896 805207895
1913 90780660
1910 607580451
1902 832426348
1897 152416947
1908 23776757
1906 548217694
1908 55969796
1901 866499754
1904 470771363
1906 135207364
1900 424330951
1896 548745660
1901 749798984
1907 644452865
1906 429154791
1921 426740121
1908 454198339
1908 556386314
1918 842064506
1905 891956299
1918 931800416
1904 657074759
1895 86129001
1911 898191525
1906 540274808
1902 317710634
1923 847348521
1905 28262515
1912 267868091
1901 622816428
1898 287540074
1898 487150398
1904 536154559
2005 964103096
1920 665029983
1912 702841741
1910 653367501
1889 637145360
1889 316216050
1904 501510469
1900 664562481
1904 69119379
1895 718564068
1922 661116645
1902 613824279
1920 873169233
1904 809592956
1903 101489800
1901 701199877
1908 742809385
1903 336904167
1905 498829196
1902 901644846
1920 810056393
1907 907024382
1905 782117631
1920 388414972
1904 753098569
1912 891264304
1894 428268337
1909 227619162
1902 727032220
1891 428100008
1908 574745526
1905 712351553
1893 787452638
1878 313921355
1907 576111194
1896 682980912
1896 874760613
1895 174052030
1918 127110895
1902 563620631
1900 453649053
1904 249124160
1918 610549903
1907 350648632
1914 348495606
1915 91128941
1894 868303157
1899 140864461
1902 229473662
1904 218168164
1900 329731534
1899 633565367
1901 732367993
1912 148493537
2013 239785592
1903 617781717
53 882446492
1897 707794118
1891 582751088
1905 430025353
1905 472909251
1896 493155360
1901 774073489
1903 256284377
1927 379393219
1905 326623188
1918 820620935
1895 54709873
1904 331295162
1896 793441222
1881 735992673
1900 571244784
1900 686971854
1914 911380598
1882 844401099
1908 13665798
1919 661643862
1913 972127346
1915 665213631
1903 273386154
1887 109104377
1893 700936680
1909 623494291
1909 151070012
1898 303056399
1907 450896056
1907 437552835
1920 17994439
1899 351732691
1908 923371624
1906 626087816
1915 236638445
1885 910505859
1900 541558248
1896 36140917
1911 473581533
1909 253684731
1891 178058425
1919 840378985
1898 810391383
1886 125107170
1912 159389265
1926 11299076
1910 306648058
1895 703483623
1913 375508200
1913 939358382
1900 578041295
1911 976044543
1906 762043384
1916 603014874
1901 154746422
1898 781381767
1891 853633798
1914 722637252
1922 743986969
1922 362933310
1902 879310831
1893 598405424
1913 876447789
1922 197864457
1904 352800426
1885 733376767
1916 42838436
1905 573368670
1908 578355500
1893 540293528
1912 859357385
1905 978247850
1908 710704490
1909 82292993
1882 810977875
1894 489483187
1909 750254107
1923 109019659
1912 108075849
1910 46030962
1912 149237658
2013 786804222
1892 587000888
1916 784321988
1880 266045281
1898 707494216
1915 689053741
1889 203090250
1908 541497157
1897 447182833
1882 138680202
1892 288655283
1918 258651415
1914 622992895
1900 977505735
1904 317988472
1921 150046422
1908 687694239
1911 678130574
1911 203887467
1913 509185110
1910 33367449
1901 103588863
1896 277372168
1895 480055952
1905 39235463
1916 926055912
1928 124526172
1893 380983462
1909 733362577
1910 643055434
1916 452514883
1906 542783966
1909 754430972
1892 976809557
1902 781602576
1904 300683014
1901 941741668
1883 926918681
1924 767028979
1909 66389733
1909 816373327
1893 654744326
1910 948697491
1919 888665408
1905 660480776
1910 228522701
1895 105276970
1912 106804981
1906 999026509
1926 16651830
1903 626228367
1899 759974195
1869 529324891
1908 228954149
1910 934551479
1891 627371074
1901 707915746
1896 143776722
1911 549350660
1902 595018554
1915 508189334
1911 888700483
1905 175237865
1906 48737225
1922 108999972
1931 331168371
1888 436631841
1897 219577782
1908 146923053
1916 921127514
1895 454759652
1904 405661914
1926 263137214
1917 818572296
1912 141031917
1908 875950046
1909 878270471
1891 198559243
1905 744495230
1915 299772958
1903 595302546
1920 168957038
1895 427829399
1911 452627068
1895 243886544
1907 214612942
1900 646696200
1905 820953074
1901 295200370
1896 75456068
1914 846472240
1905 330720403
1890 680248206
1896 119378687
1914 121999565
1907 711163336
1909 48675878
1892 71447582
1897 278409970
1909 244593321
1910 278560831
1904 872779803
1918 452111121
1922 329846248
1921 107604771
1932 813219189
1897 215381294
1907 200846322
1896 66176637
1898 819034412
1913 284253240
1893 794976443
1900 634306458
1909 315947318
1897 158453293
1889 387440321
1912 301208045
1913 117580241
0 0
1902 509707987
1893 28114101
1907 426331927
1891 741965242
1904 641185029
1908 454779332
1915 96114580
1909 724974502
1914 716583976
1901 917006330
1898 306817828
1910 790775573
1899 113940637
1894 651383127
1895 181011175
1890 819264177
1907 924408066
1901 824650607
1907 951160207
1915 40955887
1904 525137068
1923 437555932
1887 493071590
1896 659300421
1883 989017529
1910 237291169
1916 202907511
1910 299307637
1900 489504167
1917 774306860
1894 797750296
1910 780335309
1919 826887669
1911 319716547
1915 636073772
1902 362624721
1904 818741523
1903 851009527
1914 250377348
1890 595914942
1908 117594593
1894 879501411
1911 806693089
1888 32562229
1915 906816553
1894 417279957
1899 75426126
1895 793417357
1902 159237932
1906 682563688
1903 709825317
1905 803785528
1909 488697121
1909 598132799
1904 451682923
1909 509357948
1912 731291781
1912 112399700
1911 603995721
1900 960930100
1907 993610486
1912 323458542
1910 608476973
1909 737078827
1907 582283881
1885 288961336
1896 328689232
1920 33806858
1900 514207703
1897 634630828
1918 577338601
1913 518243265
1887 714510413
1890 616668097
1919 170752516
1911 861102136
1901 794842304
1908 970912802
1904 285206269
1923 193652481
1914 342804513
1912 911179205
1893 904910775
1900 660628419
1910 859606143
1925 247042998
1904 222843477
1913 412486872
1909 531018856
1901 5333144
1887 865660053
1895 160817295
1905 331660963
1917 804342385
1898 38908892
1919 185794771
1909 347458911
1921 338025201
1895 23514112
1910 730509127
1909 901712111
1916 453443751
1924 659359085
1915 830685587
1905 768409865
1889 292655983
1898 556865843
1914 746969091
1912 194931031
1911 32324960
1899 746271152
1890 91870013
1935 127168075
1898 959829991
1911 882882356
1893 939088219
1902 347204867
1897 752045545
1897 323902752
1895 865738236
1893 65838391
1910 286000391
1908 165052482
1908 820249465
1916 692085051
1908 106430006
1877 968048118
1898 57531729
1893 490209895
1904 588212699
1881 785236717
1912 521289711
1919 150027057
1908 38570281
1910 884940232
1888 712227116
1909 894850630
1910 992196607
1912 30419120
2013 382406285
1910 372720127
1915 210100562
1905 678992994
1908 988766279
1908 976205700
1910 311433837
1902 774064823
1882 185016212
1904 90396963
1920 614348897
1922 601509031
1892 483198488
1906 251737896
1895 731032691
1909 468927125
1896 601515168
1903 924407801
1925 296558121
2037 550778447
1907 863216513
1900 445556697
1896 822626143
1917 863141144
1913 550300994
1903 312210975
1901 130494112
1915 653861979
1917 609195228
1897 375475151
1899 929580699
1902 250721422
1919 187087235
1901 468119678
1903 348958373
1897 367935658
1898 254190229
1898 476602001
1910 302145845
1907 517396789
1915 552993592
1914 450378987
1900 857396669
2013 780763641
1899 602975097
1906 64106507
1899 576792999
1889 500923929
1913 57637163
1897 154952052
1904 109735380
1913 679009268
1919 106664997
1912 658361972
1911 414709294
1902 113985123
1905 220462760
1897 123846063
1904 340700547
1910 269407430
1895 481530288
1913 436146508
1874 937793201
1927 613640650
1898 684822803
1919 672595352
1914 530657697
1914 350070067
1893 515581266
1911 608417568
1906 274088603
1911 971931483
1914 585924841
1912 51858589
1910 576065469
1899 931409175
1902 29287887
1894 187122176
1905 477709304
1909 843216087
1899 650261452
1919 56183421
1914 422626576
1910 612188836
1903 852352212
1914 63588754
26 753430577
1898 766400097
1899 48586966
1906 639051254
1905 935583387
1904 205634954
1900 29068254
1908 48369997
1906 604663603
1903 579691557
1925 655338003
1883 651772240
1895 831936721
1907 993535531
1911 945113277
1889 883009526
1896 748242495
1899 512291587
1905 932527887
1914 506030127
1902 418454814
1904 643671927
1884 828511595
1911 319673256
1915 618111498
1908 144923827
1900 90201627
1922 52187027
1898 146804904
1929 568526375
1877 693392553
1903 941709629
1912 374225650
1897 915375995
1892 287387343
1895 320887782
1926 778166722
1904 931536629
1909 577064424
1896 717215634
1915 891580594
1900 523702627
1908 559001442
1897 337106555
1906 855241908
1899 435240073
1908 51114571
1884 387202381
1898 235541660
1907 208838848
1903 201151820
1908 59081585
1908 321151783
1915 870551475
1910 148014333
1917 410489852
1908 401931584
1905 215797241
1922 323541076
1903 589725586
1888 155151411
1911 992463323
1914 59852161
1906 852922780
1901 485271006
1918 831906422
1903 97272389
1895 171890868
1901 581615190
1903 250014371
1891 966141570
1903 227355532
1911 24284491
1914 680877241
1908 646475709
53 882446492
1919 629322452
1916 703520739
1929 439444448
1910 23278947
1907 729193318
1898 360319906
1901 615994549
1910 755254441
1920 623056024
1894 568831424
1894 315800089
1918 985909211
1892 455586302
1905 886939740
1919 969904007
1904 981695296
1924 557297819
1908 671485902
1902 909249474
1901 377706894
1927 982345792
1895 655726455
1908 379484532
1925 567211094
1915 85973458
1902 355279119
1902 159566325
1923 689696043
1924 448724588
1906 675263509
1913 800753567
1915 178710132
1912 614691793
1900 191303241
1920 416726854
1888 445292989
1918 349185953
1913 424613300
1906 378502956
1913 636960016
1911 646743726
2031 227506572
1932 208145481
1897 821031940
1896 4015365
1903 992768194
1910 107562902
1920 847290728
1899 521993483
1905 797221495
1915 585472986
25 922407580
1911 796527640
1922 256877710
1921 866930915
1890 797182819
1914 89764491
1904 505072865
1896 262444559
1904 516234190
1915 606610018
1910 609550475
1912 150275967
1913 692154938
1906 598571342
1916 918921415
52 197291662
1893 999536548
1909 195872944
1913 872827102
1918 454699184
1891 133395858
1900 253494052
1903 853480272
1899 322345090
1922 523977501
1899 283133470
1898 174808360
1891 635383953
1901 861184066
1900 773066910
1897 299881127
2019 805073239
1912 100902280
1921 138250660
1896 966809155
1919 853738807
1912 907126335
1913 400270804
1906 725379468
20 856287058
1906 274081112
1888 605831810
1904 61514449
1913 442629591
1926 161735734
1881 259672442
1920 868202519
1896 109015588
1888 92168030
1897 186146089
1911 668092378
1903 471044575
1895 989711480
1918 312744333
1892 912226449
1913 393667477
1911 809844600
1916 210874513
1920 146970220
1921 714415307
1895 201377981
1898 263797669
1911 578702617
1905 688161913
1910 24639803
1899 671408099
1919 196158702
1911 743872233
1899 893615653
1906 729613068
1906 229232030
1916 431726177
1910 553720755
1910 753122338
1904 780985107
1903 739679092
1919 372576178
1914 961122775
1920 642150282
1924 877085917
1900 673586904
1912 215720820
1908 597478893
1884 806470430
1892 71875768
1914 472426311
1898 460063074
1927 310992687
1892 51517167
1904 449702807
1920 50328505
1896 118941483
1903 972468949
1887 139331970
1892 343957403
1896 460848749
1890 3524945
1903 574276779
10 24760097
1917 387393838
1914 835489376
1913 706793940
1914 982195944
1903 51854757
2013 939679193
1919 504239606
1912 602089370
1907 126149187
1909 329741874
1918 871107655
1897 694310290
1909 314952519
1903 349722275
1904 381914215
1884 259108814
1900 913616881
1907 739240973
1895 541561882
1908 8337416
1894 491731736
1927 986945678
1894 513587759
1897 374621538
1899 391237714
2013 744115877
1899 991014029
1921 462918886
1904 786051225
1912 166580461
1904 410680030
2013 730481912
1903 492114380
1901 888117132
1906 645280578
1900 205100056
1909 363557602
1902 339814648
1933 826895524
1908 666042092
1914 209369763
1908 839489288
1913 205483053
1891 436272121
1891 498344112
1897 151279200
1885 383017724
2013 26297249
1891 558663201
1899 483084844
1909 452928606
1891 864001840
1913 569440110
1910 282943543
1894 448146784
1899 129121628
1891 479833760
1902 358597937
1923 950654437
1879 456907828
1908 495149620
1899 710258708
1906 164389370
2013 987016687
1883 184556281
1920 213008943
2013 532890698
1909 856010642
1904 739490890
1906 567594405
1899 404804525
1906 579151695
1900 885015182
1901 94174416
2005 658143501
5 5712970
1901 585031483
1888 956985112
1918 37640481
1900 423883972
1918 918117388
1891 115878271
1897 531206810
1883 521260136
1903 814278981
1897 752176421
1918 758895223
1911 969187901
1907 250032571
1910 391362897
1896 166642420
1920 936216967
1912 674866644
1887 932774292
1918 942656862
1905 807449658
2023 660786143
1889 917557070
1923 346606165
1913 986087904
1902 718838011
1911 959925237
1899 870687079
1911 89315410
1903 615596296
1911 158927874
1912 662166970
1898 706667560
1920 604232499
1890 414230418
1909 873360699
1908 521729859
1933 886602388
1905 51828534
1909 66427128
1893 958321220
1901 515735127
1920 421428310
1906 468131528
1915 10966300
1906 283788874
1899 504794114
1918 889482137
1884 223840905
1902 873155540
1927 281547386
1908 40663795
1911 994172229
1897 403603505
1905 312637053
1889 56533389
1908 359896885
1905 189675639
1916 755461593
1903 921378456
1904 897173165
1905 365472785
1903 731156493
1901 174380750
1908 346476350
1911 77681940
1885 47912611
2013 508525110
1910 262797843
1886 192299336
1904 995950152
1903 808927794
1921 244923447
1910 209903891
1903 772358254
1906 150804064
1898 401380753
1899 405199884
1914 891774033
1899 142378746
1899 691114029
1906 618634380
1906 697944617
1904 23487314
1903 122877311
1907 655714386
1909 764581589
1912 161088432
1910 940139551
1902 566184147
1909 567567894
1909 49674527
1906 388738511
1893 480698940
1929 777823449
1896 958378865
1931 115329611
1896 37050960
1909 968096686
1897 680822607
1896 604957745
1922 334646057
1904 597157676
1911 735899263
1897 930658954
1920 866238863
1891 635442346
1902 307148545
1907 22213355
1902 303152898
1908 635318074
1890 950713299
1918 742639767
1890 847050066
1912 836431913
1914 857542125
1908 336231093
1914 408310872
1895 578143039
1894 189520593
1906 413876618
1901 701815159
1914 830562188
1907 235845383
1910 172627547
10 24760097
1900 875246583
1898 606194820
1910 58944406
1914 71671295
1911 29679142
1914 544998136
1906 707996841
1919 499717356
1901 893074014
1895 224223969
1898 784697377
1907 400272081
1919 706869626
1912 941913192
1896 612530302
1915 873753230
1903 847172724
1924 268415652
1911 186281150
1903 326042065
1915 614304532
1896 919027507
1894 79167576
1903 604140744
1902 307347639
1908 352628768
1908 925856954
1903 617064112
1907 23358831
1912 483678555
1910 928055447
1887 307554343
1898 987700980
1893 486464636
1909 967306454
1903 66852943
1882 433430266
1912 117316186
1903 892993878
1904 428376788
1899 593336872
1897 128216771
1901 379555675
1902 59821091
1886 43537729
1904 239143207
1916 366053785
1900 925890551
1896 120117163
1900 25449228
1899 10007123
1897 257429925
1902 40984402
1917 73499597
1916 889483535
1906 403528458
1926 813401162
1917 711770262
1915 464389876
1912 249413611
1898 618029800
1904 848650214
1894 771221254
1918 113426757
1913 458872699
1902 501678169
1907 187325607
1909 516482255
1907 166251956
1908 220103286
1890 351642148
1909 251264626
1890 802940679
1907 95268910
2003 52928789
2003 341419580
58 908914755
2005 398269662
2005 64654002
2010 216200495
52 197291662
52 197291662
2013 898659763
2013 114734510
2013 627257781
2013 214920650
2013 328560754
2013 124041475
2023 735155968
2013 670961935
2013 520849728
2013 470064286
2013 114566192
2013 626079555
26 753430577
27 230829987
26 753430577
26 753430577
2020 293597874
2020 374858352
22 177092845
2021 181093316
2021 53437074
20 856287058
2023 66131254
2023 563496361
2023 45052082
12 214784291
5 5712970
5 5712970
5 5712970
2037 618702689
2037 727193266
2037 486627298
2037 802665536
0 0
0 0
