2039
130 798032745
133 865660670
138 292581969
112 815911357
134 491414664
127 241640265
124 192061177
130 25731970
126 373515616
120 170626221
134 808997258
130 601281716
145 558048910
138 117880115
147 800540260
120 714936400
119 144018667
146 251037309
147 733731707
140 693555603
144 16809603
138 375772784
131 515285706
128 733042120
131 208864340
142 726414578
118 721718459
117 165873039
152 775862541
137 300024324
125 499422571
129 293042578
146 454039798
131 339880110
124 857705778
137 11232852
126 689227424
155 753708861
133 496509690
116 922905149
140 594993111
127 514891770
134 345231715
143 269545229
134 501003528
135 174674184
132 252218565
136 411608238
119 884811671
136 997344737
147 870147914
132 250231615
125 749296293
115 747494502
130 487271937
124 468294849
133 224334765
120 864910232
118 901644187
113 383422368
124 889450476
126 725472270
27 606818941
141 265694053
136 220405559
143 789596296
130 640911642
121 491553893
109 124046961
136 359489604
129 588008461
125 505168493
127 156128540
126 202259659
108 189521306
118 893264211
130 919517466
128 399069588
117 85736067
135 83065499
132 419469610
113 72717738
136 541359398
119 172449102
127 909036246
120 35916052
124 205701416
134 58564867
130 896551683
130 863442093
132 532874241
119 689093853
138 790449999
137 773665747
129 788375106
139 77017435
128 308107028
127 737626521
121 956229352
127 4921270
123 956214267
133 275901905
133 231492716
128 652260744
124 304161316
13 159711587
135 646124071
134 678146367
125 377157442
128 928455579
125 516152827
134 528720444
113 339904384
131 521644995
132 311640785
121 650047234
133 362987383
124 646256059
132 164951380
134 153470455
123 281017549
123 171564070
131 782992631
135 634903996
124 21181978
132 884670699
114 10420705
136 469727108
124 771475688
144 675866224
136 39122633
121 669508511
134 476199144
125 515225371
148 632547119
137 512461061
123 782385563
123 423540155
129 607135419
131 318500413
131 222571834
127 607002415
129 641414441
119 722156506
140 559382900
136 296088105
126 461694627
125 559372506
111 326125878
126 870410161
138 894649000
144 981437050
144 27254640
137 909279472
123 120339915
118 313282054
2023 130481415
147 532168328
143 395338150
138 371035469
141 895212563
135 506530448
126 593989441
131 866822812
141 822667913
123 517609153
129 68794030
123 745685089
128 115381433
140 248910886
125 955258317
132 236279043
2038 187139932
127 793486041
140 748104369
130 549470081
146 195100659
128 131417689
124 601850141
139 911534688
133 549612130
142 176812338
143 910591695
130 572418257
125 138364081
118 986492109
129 495788424
139 35683927
143 463276088
127 720735431
124 375765908
138 437509696
145 735341605
118 179412189
125 636613374
117 89775837
124 358905155
127 235571037
133 323013180
134 561556688
153 883023061
137 152446126
126 241754258
142 971376788
127 711547228
123 846369862
130 587766035
136 169950160
118 479960809
127 509572843
128 752286785
121 381670629
135 590217053
121 505765142
142 330026305
142 111779461
112 763353271
136 224633291
142 26390539
136 934084406
134 402250815
113 766012994
142 582806049
118 141961016
123 579729813
127 974335206
130 155652351
123 584443999
131 380472924
127 260281565
134 281147097
126 447337218
116 122273063
131 844796614
133 356334303
129 964716783
115 627866666
124 531009423
120 329290232
144 447101172
125 66443226
114 298671638
114 47986413
116 635741766
136 530884562
123 335742034
155 982168776
111 736378392
131 485257161
143 349153233
150 682995402
133 258868732
125 434972115
121 131774259
25 532693374
124 711276825
127 686893923
128 289352136
135 319714398
126 259315856
123 539970253
133 627678937
125 736360027
120 393403874
127 647177498
114 783111254
127 678967931
123 353820942
121 236979578
111 906000863
124 434827790
152 651721961
136 558447174
122 917955416
140 619224571
121 836760846
123 525834663
142 196921794
138 355841666
132 633436368
131 928108251
111 724088673
114 218125881
118 367709313
131 850791158
130 418303565
131 894780564
124 981953832
111 25480133
138 882520005
130 927859398
121 844803007
148 942911855
124 623593687
120 220478158
128 805542326
147 49704896
135 272091926
109 844059688
142 299963582
132 280803128
127 40709774
128 103454574
132 369089265
130 586626607
135 722832522
124 236490476
136 334705350
123 749164153
125 815185687
124 233117301
123 93837554
118 532701400
138 470722788
6 39725627
124 2851906
129 47826282
138 856617749
104 190682999
126 337661887
123 227955691
124 702764063
137 304371072
114 205635928
135 679273801
147 695452922
124 946785141
126 453684537
139 124471988
113 358241463
140 907266708
121 894422978
2018 991485968
123 853830779
132 12675016
130 807906911
145 570573685
129 521578259
115 506897543
138 684537464
120 154278466
128 871753509
133 915168140
129 242474841
120 423731326
113 847309584
113 806432093
138 129892668
134 586443366
137 25237067
121 747388636
134 932237000
127 898337819
144 437871550
141 731622419
117 93507095
115 771445070
131 575114933
138 23976311
139 486331129
121 314868285
147 421368672
133 264864823
142 153551896
136 726763601
122 736298345
136 646515874
147 750829907
128 922814535
130 162005819
128 722631026
134 644404276
139 228398874
118 297216988
142 734760880
129 797287588
140 409096353
136 333173220
132 436619153
126 46669539
138 968315223
131 420539003
113 659966603
147 617621882
114 612399451
140 131237414
134 44947131
139 698172986
127 6581294
130 259850919
153 668518724
135 500620574
125 205929107
123 154535150
136 11868069
115 769903741
133 65533761
126 421103761
126 276594381
124 546582728
117 358101013
138 925017303
139 61110930
127 859063701
133 711866875
131 109553623
146 306741708
135 185354046
128 378152419
144 926489966
137 341793482
130 436028214
122 883970895
121 755821380
122 880032381
148 955388184
128 486901540
112 361000507
147 558776961
135 367826353
140 320363528
132 420243559
133 626523527
131 362492216
126 548247758
133 661059411
130 859570111
131 581700000
138 538766303
123 606470060
122 201402814
118 45119808
125 597601741
125 449473787
141 437597053
126 382051689
118 512128603
144 9684664
112 284556382
137 890404891
121 89312994
123 466817232
118 135402764
139 788425324
131 955097078
141 546088634
133 188579114
126 365331556
134 463457449
135 509795274
134 850290085
117 429430677
131 662458769
126 174496575
131 338502832
131 770891639
125 602596111
129 758768389
131 480968807
135 478515810
142 80608258
131 786372822
135 141036702
125 312159934
130 681821816
116 397479914
122 534991421
131 515370360
128 449572444
131 365809532
141 942010805
134 824991401
115 209293352
158 794957564
135 155851074
116 119760439
124 280238699
138 106501387
124 847664087
138 857843699
121 880739630
136 979727155
129 92011233
138 295221485
132 45426162
130 871096770
113 804569045
116 307411065
131 124555403
161 193097272
115 342683992
136 471686793
141 930170621
121 466617933
113 708572360
4 763914
147 969911918
131 736492813
121 642158321
123 471848938
130 422687152
134 753075563
131 959373568
122 766379453
119 975474917
124 502099362
133 677428821
129 849718585
117 386114744
127 478261322
137 273957039
24 956355839
121 262279071
153 976203776
126 845833952
142 915753000
143 559790260
145 702495242
146 585055191
118 347693983
133 358720876
120 943361453
143 164096945
125 818343532
121 555004303
139 890345006
133 968633268
137 579299159
125 429404703
134 24709176
137 138612173
115 227265826
115 879571694
146 262066796
126 983075794
111 286997441
155 493507234
131 903489348
140 419224551
113 534902722
112 453943270
140 170451222
138 112492593
120 834718910
126 222087348
134 397320532
133 187142158
119 948404566
127 627466260
120 750486470
132 540153114
127 177839940
135 129557229
142 181512666
121 435503848
132 245317259
125 272518394
109 508784651
113 535970009
137 924203431
126 527447601
122 371653316
156 985851595
125 504537224
135 81305677
134 514512032
127 554545349
124 350531453
146 675295923
110 145925411
108 179415746
148 182411863
130 667754538
117 949644474
123 326702871
131 599214635
136 302722894
114 955992541
2038 837111732
127 462178220
137 408420390
130 742052581
122 408889000
123 180952996
122 218553466
140 558040524
133 621785535
140 648386381
134 348109563
134 629521015
120 370297431
145 508553516
116 422982184
132 280593777
124 511369474
137 380673782
117 952419967
2029 721288225
116 125415390
124 563346324
139 381301224
118 836159153
124 831822702
142 375373057
106 5056786
129 806871469
146 146084939
135 966800709
120 707071425
134 125338616
145 696796409
122 987824468
131 93749126
147 132567427
130 84061637
137 135669041
143 702698877
143 389552467
135 431596654
144 410261039
119 330566544
136 630165197
121 983205261
131 120665739
105 33516631
137 880826950
112 108060319
133 503359832
122 277373709
128 305017447
132 496325063
124 321160690
133 14549968
119 588114296
136 814669006
134 845584365
119 238856494
141 182727203
122 387427476
124 477629144
141 319246439
128 170388276
129 652795929
120 199095761
131 769679847
136 84409431
140 220215687
139 707530449
127 942049829
129 176344580
137 894386610
130 854323463
126 928020125
122 328802061
132 319960520
131 462977992
132 800010319
129 227414639
144 877505822
134 260662690
128 384766712
120 187160320
138 839115815
101 484379022
131 571506390
130 490150610
134 603503336
136 76348844
110 482586233
128 90671858
142 683428973
125 973282080
121 716171729
136 386845098
142 167079517
19 181548484
119 486949924
127 858674098
128 138186257
129 697522248
123 779339044
2013 691941538
125 443048175
135 429858049
123 190128168
122 437098337
134 825474581
137 326360702
2005 258284265
113 661024246
113 997680553
148 524339897
138 485664249
119 895440063
136 90268441
112 139497336
130 895836291
126 211489992
130 402314892
133 708532859
137 246935850
132 148797869
140 666322614
124 285763840
120 293484717
146 633184782
139 277336617
119 721487060
117 953141199
138 135582531
3 65909
126 290981031
134 571469808
129 980701175
142 650824946
142 567075946
124 85046513
137 338058395
137 794453932
120 776824787
108 322952429
131 800470016
133 332582436
119 762292929
136 551128602
136 872221077
142 29836074
119 281146188
134 231236602
122 655921157
116 821635981
123 715741445
142 637067248
123 300413607
124 120270066
119 16457379
121 856676289
118 795176803
125 196253240
128 750000190
110 930952379
119 703131704
123 654494821
129 309556321
150 803387795
118 623583264
127 773969508
113 716407431
146 865777509
137 470536154
129 394186978
124 779012879
119 352571395
108 843722823
142 858310633
127 761065448
132 663549213
123 415834833
3 65909
130 508484865
126 982664842
136 847723463
125 577875256
116 397234887
130 108235973
150 54798732
125 369187617
133 489359676
116 443873554
124 135968158
121 151701111
111 345428731
117 982434499
130 562990860
122 826599813
121 764940677
138 723929410
127 890309061
127 461661764
134 237701433
141 130407345
114 145561701
141 806972323
132 108297701
119 257195666
135 778767292
135 788065222
130 637293764
135 199546920
119 613011393
119 306424798
125 261904812
123 70247088
22 55962360
109 419783951
129 971991766
134 437616434
124 268227707
133 395540084
121 987474539
140 294834802
139 20402910
118 302361941
135 542610185
141 107128785
143 156644752
118 544885294
131 761677125
134 338315803
142 366251079
122 741413026
133 184673389
140 626704061
125 44677132
122 895374130
115 172115746
140 436163128
132 280094116
133 870538921
122 535058543
126 642704931
135 436840671
133 646113055
131 723894101
116 846240977
122 22583765
123 311596298
137 225911567
134 572230550
129 662615450
132 992574526
131 175827101
135 299975719
138 526547285
115 738943656
124 284829030
131 571435928
132 554191410
125 60820835
125 205662391
128 667510597
2018 600737548
125 796012475
118 593548240
129 269517683
119 345677870
2003 719759846
133 909047829
127 797154956
141 935190447
122 783206744
135 157129498
124 497291848
139 433007002
120 817163396
136 829868651
134 569448442
133 53529984
134 30843307
133 209673787
115 278221335
122 454638951
126 949581059
128 633075802
106 759879904
138 689949067
132 457856651
124 921782902
136 630798467
128 365126644
121 791285327
135 186295247
128 707865643
136 715941089
143 491052228
117 442828985
143 101937802
145 958671811
124 290321188
130 254645890
127 31486787
114 487755768
132 635387739
138 728276037
113 489516503
128 471675200
132 481541301
123 224198081
144 507263557
133 418758066
139 918876174
129 548299869
119 490085326
139 955476275
122 571472620
130 736885027
123 642827362
127 35624247
137 301040463
128 534606505
142 166785027
132 495580758
136 730813724
114 17396271
126 235306047
119 184352035
128 934982004
149 758544397
131 864984649
132 525125742
124 303144803
144 42048219
138 68211382
138 127708746
145 339672788
128 26384055
109 292363774
121 976414535
125 96094834
123 817807309
135 127078223
139 279896344
115 252410783
120 2009714
132 460146696
139 697269357
125 160937193
136 813975430
114 503374412
139 125481854
138 363517156
115 697073694
136 573933587
143 861800144
134 431973635
124 3644750
133 243203715
128 149332723
136 589148973
133 791049259
134 469017256
131 919018870
115 21246787
136 145925143
132 700629063
123 586116213
130 540411474
129 888847319
145 128091895
117 262303111
126 811709758
120 806452620
114 649418475
136 383446289
128 693361730
121 205005390
113 451579175
136 277234984
130 554661205
136 935325955
139 460948832
127 564008696
116 3687717
126 12387863
115 361582200
121 310260377
125 816363300
112 73559046
135 863391843
119 124384493
136 465922993
134 486305919
118 146024483
125 804220164
159 552596338
113 212777372
136 827183153
152 407628095
121 479807946
136 855211021
139 668241570
99 454526716
119 679222210
137 735963789
129 841294103
122 466663324
127 697032478
128 390663700
120 202872827
137 20610058
136 385848153
129 860628053
130 408971344
140 692992110
136 172571815
137 283004864
113 392486372
131 570726664
117 169797503
145 516138212
150 512055062
134 44834392
143 738560906
124 488642683
122 519284923
131 85795197
126 562597783
119 931960184
141 380417444
117 135868888
127 81061814
129 918849450
115 22781497
125 729907872
144 74665694
125 590409901
132 392487254
124 322803423
122 2475816
121 307847582
127 969948636
145 10396184
114 911240455
136 28684863
114 955410686
129 694608689
124 36848988
139 371411712
133 24363611
133 503937534
131 476599772
117 216252363
128 63719304
121 163577065
128 222821531
128 107998871
137 670687099
126 944657046
131 544393744
140 758451003
123 811135354
123 27487031
122 885630195
131 773429309
120 74409407
130 828348667
132 100294265
127 804818750
125 419192166
118 530414682
125 82063601
125 20030124
136 538673030
134 802840710
132 563138883
113 898498482
123 366024105
135 960753550
131 564721308
129 63439855
147 606031982
116 720525811
132 667450286
130 435789982
136 218966869
122 768548604
139 780635363
144 449941920
135 722816388
130 251220931
130 180080173
137 870973389
129 620461663
148 222114750
115 974909026
124 254264150
119 34779252
123 367432453
142 416824362
121 686675462
136 85311519
120 323067964
118 641137249
133 608424122
142 370862592
116 482986227
133 736881812
146 270128007
137 636337646
134 174363671
131 310261322
127 382684950
123 913031541
133 49147288
134 539995797
138 101273438
133 795878054
127 441170934
124 913063298
125 44030824
111 896588966
127 343008966
137 748234048
140 170142892
135 453836468
125 534413038
123 154532704
133 851037304
127 858991302
121 508422423
129 528834191
141 825828336
119 908834236
116 219250966
118 465163823
142 285550284
121 311019745
138 370321294
122 485879296
132 539451619
140 945775795
128 556807796
125 308358818
113 612646491
133 909634848
132 767244447
120 299270993
139 271873600
119 563729173
114 345767450
127 29251747
131 309056368
126 948299425
129 246774249
121 657313342
128 829733952
131 578958298
118 550755352
129 808340481
133 816979535
130 730390184
127 968251706
138 498517435
114 796249967
137 481468627
146 758747447
125 505396330
118 397728233
124 922123212
116 575698600
120 46490493
157 698786118
9 683363250
123 628528002
131 418776809
127 201256730
130 11294014
148 894046732
126 799724612
2025 285512888
132 187974952
125 64055725
122 861885166
132 59491247
142 752077527
128 841818303
122 409032943
136 970806861
117 124268434
138 821321208
123 908340963
122 163194931
136 251180416
135 611165228
118 455071059
112 598279954
127 72469856
127 315045672
135 76992371
127 332347536
116 388127107
134 300326836
130 571445622
133 263310755
125 829117124
134 713063180
124 3633869
121 395770379
144 470067958
136 188017679
144 461327202
138 916618232
128 772262348
138 818343029
125 483716056
136 270578741
119 791603809
118 943167755
129 302721991
127 497461770
116 377664575
113 89773290
134 674503071
119 440594781
118 483718795
135 150120191
128 328865676
137 160512082
131 201982240
134 577838838
132 570113102
116 315159266
143 740153050
128 639738162
125 220432244
127 865045788
134 33811179
119 501298968
140 479881771
145 626748329
114 331477220
152 905540901
116 784128417
128 352815707
125 255842859
139 679421120
124 958331177
128 736066677
130 864737886
127 676474279
124 959245598
132 896337732
131 551258310
128 380392177
125 64850551
130 629707728
132 478055544
125 376337874
126 473180837
129 448180948
128 119902396
125 107396106
122 420297121
113 130423869
129 560425934
140 736687521
123 985668494
132 895070724
133 310666269
120 255363738
128 853096091
145 3439977
119 633374694
123 753687280
115 681370715
142 688909934
108 670692512
135 900313580
133 868018172
2038 26336977
132 600915975
123 996661271
157 131891457
133 549078917
136 625616719
125 311014695
132 178368257
125 475036953
135 101677645
135 360013025
129 935364935
121 505737922
131 469942216
118 670205971
118 618126150
145 596503184
144 842651775
127 63608418
127 27997538
113 203524932
111 660337648
129 719339641
127 191431089
139 114627912
118 710966428
120 281544066
124 905727305
124 132976121
131 773476972
140 562758434
132 962951153
144 803100216
149 966111539
139 371200815
131 109240000
122 99367082
154 825330464
127 434831246
119 423155588
113 892806665
130 552695005
148 870026210
149 434403985
114 772079138
123 687113187
128 270891800
132 963385007
121 921254169
138 217100758
139 9628927
135 496627994
123 206666024
140 269794827
131 899958729
138 160563495
152 218459068
118 721159448
122 556028384
107 249394171
125 747954222
124 550414796
2003 727550112
137 582890883
134 536239622
132 635024791
125 833670580
121 74088155
132 102088551
116 324020992
120 719912121
128 312169727
127 341810243
118 659722481
157 677208113
123 641508909
133 686374847
125 799693240
126 162158357
137 169558770
126 808456115
122 335585833
122 982942521
7 278083334
133 86601932
141 467220544
126 69798975
122 590000152
143 244557610
139 126830336
122 92905415
130 384782385
116 254768296
116 322418455
136 192662756
139 278707451
128 667822223
142 681009405
128 173601891
116 825679747
124 65875260
144 853530381
134 980401216
128 694686824
140 393813265
115 370613831
130 803038687
127 223008327
134 117916220
142 144558783
134 926219999
141 487813675
109 124411574
133 116647381
128 849826784
121 859016255
110 690406560
125 672618954
135 442547524
138 82537956
139 30220068
136 344622254
141 716862580
130 251309248
116 820676446
109 454620625
138 334794340
134 751998470
134 580686898
118 623668327
126 530081389
129 297161348
126 868284087
141 872607414
111 616434878
131 696348566
135 289123786
125 60973323
140 891793027
133 202215006
143 962761069
142 77107092
137 828655515
117 612104303
131 359436149
142 125665449
121 207152228
137 901839533
137 346246557
118 288170637
125 440912420
124 327600243
128 689885069
134 169727819
129 141053169
137 744270147
130 71992751
125 843191621
132 295473529
139 11587446
121 30211818
157 317068173
121 479654751
137 77265609
152 404349718
130 21631792
148 314045168
137 639145740
132 599432449
147 300811375
130 494853251
118 572756477
126 988176241
112 111812250
121 776976569
138 656628161
137 785079696
124 320702281
125 441198149
133 900451015
130 436529062
143 528608403
112 575859889
139 619995034
130 893033875
138 794317315
128 722865639
110 214667314
126 119590053
123 84986597
132 610547280
136 393107685
131 950983010
139 252127087
127 768821921
126 303576518
134 40340541
117 315082550
106 165726013
133 868801985
132 113955455
139 423620904
140 774713583
119 567039611
119 828026519
115 390432675
134 441113771
115 823190746
104 410363566
127 140878691
115 888748461
140 988983655
128 413240063
158 975445504
129 402839308
147 734642056
126 455398246
128 896922892
134 988100718
138 85350770
140 53321971
143 938744883
133 443869129
123 533991362
125 871698489
127 943904378
137 437402826
141 560435954
130 863128242
132 137299880
122 27754709
128 658021941
113 250861256
122 828616394
123 641272194
134 784146031
136 923498295
130 861325789
124 901590298
115 645102874
140 965065841
130 550614803
123 423534806
132 517436909
136 164195835
134 223708887
128 421264873
133 882963577
120 68679338
129 696722865
130 596952927
133 241379533
134 900396518
142 751137938
130 7406242
108 465556002
128 852538358
123 362155710
139 232651761
130 961782689
137 998206303
122 644507446
124 816847941
127 921247812
135 984681323
122 879502826
131 339604671
142 344910244
130 490831979
137 590017168
130 761979562
128 587499779
110 339085615
143 700591403
131 325112704
143 101151284
127 456788615
127 23703427
106 987389967
126 14007728
130 760893757
134 384246095
112 726521689
113 943045948
143 176734091
139 519085716
139 399457349
123 990361987
128 473766447
119 417190657
107 504723178
131 891529476
127 524477538
133 318277849
130 827057319
148 380798268
134 631566781
118 247461517
139 921674065
126 989529815
134 621056957
7 278083334
150 303588755
131 792088503
126 860094374
135 331393105
131 333965529
128 146193557
126 860072928
137 128584899
122 142802630
121 865425901
130 421785260
135 162387157
133 576893907
123 925132251
147 472796415
131 259108006
143 462666097
131 529269464
129 250279770
149 537968009
113 139628418
127 898551349
125 862561241
124 750751555
132 144181637
131 65050722
147 809508504
115 385584444
136 455664654
139 824214038
124 556975248
131 574628639
121 639300789
121 577128327
141 436177419
119 44759386
131 534166045
121 755415867
121 766950387
133 358135090
147 23637022
125 619815108
127 674290696
143 901189742
112 977296964
128 887196648
130 706369360
122 232987759
125 77371632
124 426968685
121 967258338
150 305120623
125 620565805
138 854757838
134 698035470
146 739645989
113 871694464
152 237272423
131 475499680
128 370365841
127 406368119
123 851526517
133 40577225
127 480622981
145 201091765
138 297125174
121 345617370
125 445869
136 564643643
122 42428283
140 405111586
122 129591166
132 259603637
141 528465786
141 410531691
135 5609487
134 496745482
137 148374824
129 946124393
135 814659096
116 508512665
142 257347346
127 43431665
136 2723207
124 132465173
140 955881347
144 111056059
120 563652542
147 46090598
132 740617329
119 907235648
129 884653527
136 261507113
127 154867021
135 771476563
107 69985522
119 29527757
127 723978783
123 331033218
139 407543779
140 952301604
131 299363510
140 641616754
132 532844355
129 774936854
128 423180398
137 208643217
123 104563822
116 418829425
148 542343920
128 694183320
124 599783714
108 548151865
136 276413091
128 857943814
134 870566806
120 264625927
125 239098364
124 511929292
148 331799268
126 650776680
112 23012879
128 600584379
129 418858921
123 470759879
128 870921718
139 474730828
144 177149175
138 799227927
134 969541569
131 40553716
127 58458707
111 736008236
132 821750733
146 393335697
134 813828506
134 241621986
132 472595622
137 489883022
131 159723122
129 163805826
135 5457500
128 317187656
116 137955575
129 849956919
140 148052322
137 71778535
120 164711351
121 470554673
138 660343873
112 426685488
134 943211818
135 859692263
27 606818941
137 474001881
111 585922603
137 504197079
125 293829280
125 885547177
130 853867354
121 266483863
125 267957469
133 614337500
133 894112895
128 89562145
131 520466482
125 263259812
124 134708430
127 835154828
128 929193003
134 7850470
123 876973742
139 374014786
119 600001218
145 367803476
127 988243491
128 800893641
133 112192066
133 280954696
124 301663336
145 442734463
129 5042603
127 247690649
138 1826537
142 201780692
123 337372048
127 719593300
110 315666942
110 61868811
139 138385795
126 230069837
137 171861207
121 993014397
133 932272708
123 614122720
147 656201634
141 378700563
118 781617993
126 415355397
129 135681212
129 946670520
130 854380974
133 874234379
120 629462896
147 502674324
133 675431103
123 385702174
133 774964422
113 997257613
132 361470879
149 344767049
126 341798497
130 56691631
119 935187375
133 803117308
130 518089205
129 483862328
131 498162454
144 349560892
146 481517383
142 90963475
127 335151526
142 46091400
123 764409795
134 512932938
132 757796095
128 108894426
162 958308119
144 406648967
139 811022155
132 145024024
121 764596458
117 73940239
149 98558170
129 906491236
122 427748564
140 17675965
138 132510179
131 544202842
133 621684858
134 305227704
132 82456607
135 77235447
140 53453435
132 546446078
141 635802200
134 89434028
131 68511258
3 65909
117 815397605
116 445807708
117 422971993
2005 377813221
133 939275808
117 498766594
133 990107138
135 633093700
140 465386814
130 327693569
139 882982987
138 405644565
138 40924683
117 179684808
122 143419723
139 309273855
122 276904754
140 228826044
131 379503903
130 378357367
116 620690196
110 551566033
137 258294759
128 352627559
119 128150038
134 869603679
127 414444577
143 924501856
121 222778376
125 996411688
153 329169374
145 93559814
140 401600532
124 175802472
128 22568588
127 811870675
126 568505726
137 37995918
139 202388729
139 735252350
113 845814027
140 967938239
129 160714313
133 998576071
123 502619281
119 337866907
114 888217637
122 273191381
124 175733238
104 646727477
123 127054847
123 40202195
137 323628811
138 373918505
127 353691151
131 909058111
113 242276340
128 603152161
150 509323215
127 216417234
129 487404187
125 531948708
122 613084466
131 133914124
113 670725180
139 364602122
137 635979885
127 358562771
124 867877267
126 567111074
123 812277143
119 318766132
127 968135468
136 671217509
136 856277691
115 212578640
126 779867707
132 930685606
125 143865713
119 590717989
135 977437376
125 924965394
135 646988758
125 783563698
144 921790779
126 943997935
111 547581429
118 206358743
127 830789915
120 431770974
122 833211997
122 540097978
142 68626772
131 421096983
145 112173252
130 170362591
149 177948946
139 429237495
131 212011346
130 729338790
133 740391765
122 701659276
145 10165417
125 898291209
138 482182811
120 372976933
126 843188995
124 270512896
144 689566864
132 565579340
126 52062564
123 814773779
143 236921163
127 477581495
119 272776896
139 302970135
119 813285636
135 709686821
127 193856717
147 299921104
128 391188089
141 790023280
115 561931038
153 420468171
129 760807663
119 408330573
123 318658208
121 100551518
125 787287952
123 639847300
133 568381835
129 523897245
111 14180181
128 899511626
127 716684705
128 150665850
2030 704395816
127 828672164
124 393072206
134 783489904
129 838827977
123 431059857
127 369502377
123 396678237
139 590671708
125 672420628
133 319492434
141 51892599
156 487515905
139 456919767
2023 718625479
122 459457250
130 856233692
151 103120264
135 930711413
118 237690557
117 768596854
126 101989500
123 670971769
118 679765472
129 919491667
132 975216427
140 709548358
134 575470246
122 938482247
139 841568776
131 899339587
114 338111035
147 949359718
131 581397963
131 690866729
135 600862766
133 299830600
121 983082779
142 425511543
130 499091562
137 987224868
123 182358385
134 463562282
131 877856546
133 761899440
136 924323739
119 330407290
131 856475016
123 881414359
2030 898464921
124 398322441
129 822126326
127 659880293
125 145825687
31 360373785
2000 169271037
1999 335198781
29 464184868
29 464184868
29 464184868
25 532693374
2007 89907493
24 956355839
24 956355839
24 956355839
2011 295618513
23 393286413
23 393286413
22 55962360
2015 705373876
21 853345675
21 853345675
2017 416858082
2017 663414420
2018 607726776
2018 176550115
2018 158313509
2018 30657267
13 159711587
13 159711587
13 159711587
13 159711587
13 159711587
2024 389597502
10 783739433
9 683363250
2027 357291982
2027 203420212
4 763914
2032 340600004
3 65909
3 65909
3 65909
