2000
111 736594435
104 651528118
105 759335864
114 705249699
106 209553919
105 64338516
92 471607426
96 74665154
91 284901475
91 97764091
78 305340760
94 836363045
110 742956354
96 346019044
77 493500745
111 995596413
97 102823136
99 884872294
106 671958744
111 753903603
98 362535405
88 667374089
89 336775542
93 637475894
103 694491928
96 197935393
111 9753832
109 739889293
101 736461683
95 574876697
101 181315982
82 46026547
94 507264210
112 775984204
98 16994054
97 747418399
102 637933090
101 843365320
90 47779257
88 359749486
106 46971130
110 661912311
117 795549252
86 673880327
110 771808988
89 708681049
105 110036911
94 932656136
107 315934569
101 383807261
109 958045500
107 621076991
96 575991516
95 796429561
106 63151088
102 913887015
89 471265441
111 145841350
99 204493960
108 356061065
96 192890699
105 760736750
113 33001684
86 657406925
96 462566153
93 893259587
89 128599570
93 529987070
101 711633939
79 850084424
108 990898499
105 576817969
101 574403091
100 254329076
105 13569823
81 648854250
108 761540791
104 19092800
105 910222031
101 938651327
110 829108804
124 90466484
107 190577952
106 602353826
89 984870960
107 11328515
94 421179330
89 542060659
80 212318042
108 710826393
101 35767574
102 978565286
100 630785064
94 155536772
91 344943356
83 828720082
108 15753782
105 377938877
105 437959435
96 938585123
107 367686313
90 857730383
97 489647613
90 855148401
114 306734592
82 244560801
106 837535887
96 629876406
110 907482940
100 887080047
98 405952076
93 163351386
106 648773138
103 651337939
107 885885627
104 362211341
91 854469127
96 419680826
106 963553206
107 973730679
103 691316365
100 606058373
105 548711365
102 405936443
128 160307187
108 568698998
108 725166836
98 65382493
88 546463279
94 608509993
103 700015940
104 842621111
95 327937577
90 182515235
103 353612373
88 458683605
115 530544196
109 685954876
96 489912541
83 340003076
107 556873188
77 708191401
92 122872262
104 439561538
104 334678925
121 741178658
93 892766614
92 77170725
111 909117519
99 2487501
98 238274600
97 754019964
85 408740050
101 244036979
102 535035156
91 281213856
101 41662047
103 403754631
113 588943393
97 233518692
101 190427488
100 481262767
108 218328393
89 623790622
81 673462555
105 879895749
110 822513740
105 282039327
100 39421259
121 906116310
92 255287220
94 110509261
69 762804775
99 240201779
99 205721004
96 701173259
101 225612839
106 376438593
100 349890019
103 271632659
111 886113014
116 958895889
99 715870101
94 474443594
117 354669109
97 90090856
109 410464546
104 782166434
99 842414957
109 230382541
99 710175227
96 193993839
122 813433203
97 586134174
88 134578710
109 721909392
111 184710112
104 83507800
119 701871378
100 837495263
103 663659884
89 128452007
70 382079102
98 361231320
101 494179698
84 281532493
95 21632932
100 809542967
111 805841134
93 482982026
113 809450958
113 197264921
93 683834212
81 212305668
116 912961446
95 104260147
115 537904996
107 93748130
92 587193049
115 379314476
95 891360425
107 80504008
102 580912885
75 787073322
92 155403773
108 800767573
82 993393404
102 696647638
103 996600653
83 970456831
108 207601061
95 806009556
103 2075555
97 435883949
93 433144500
92 803661747
100 79671203
96 411945361
94 12039527
93 814838843
95 889082368
102 281799323
94 866959614
97 102620470
107 984064264
89 745596235
94 510152878
114 201639545
100 922708034
94 729487218
104 830555778
101 703940970
101 418566180
99 191816107
99 734921980
85 600672739
103 3003569
107 541842676
86 837030681
104 580870241
93 922457133
104 986941465
101 834076012
97 34722344
78 341850273
107 904762328
90 968903172
104 638517266
100 628879922
113 194857844
99 87390454
109 688833092
124 57914064
94 165042230
95 133537684
92 211770659
92 589610942
102 240835191
95 304457152
88 517861032
97 947713948
92 63942008
126 42223314
90 678143556
100 261070766
110 360836390
113 592382773
93 224955130
101 255387705
101 218637952
97 783216421
107 109724718
107 632973835
77 204213195
92 458198220
95 13546670
99 536704498
93 48110703
89 541907575
94 379076642
110 656505739
98 714443111
81 584212965
100 649674740
102 224686478
82 688240994
91 562920872
109 254113060
105 36638422
93 63215549
103 686360523
110 143969130
102 490415986
86 457339673
103 659451578
115 51629991
92 126234177
109 201799607
98 791909271
107 614494354
109 972665865
99 231703836
89 871058943
106 809943437
102 273111052
111 811699729
117 681268564
115 106631974
80 745004421
110 449414413
105 442297111
104 337337762
95 421992033
106 858256268
99 147290603
98 281258819
103 293314398
87 104776688
100 389015742
111 709867242
95 139573941
106 426686785
107 475728760
99 312019215
119 643345011
104 446387611
114 973097334
109 268157142
110 465797874
97 731900749
98 551070301
88 517631395
103 479708328
99 343674388
78 90691893
80 584221007
106 640987269
108 494899561
101 302595465
84 310413259
88 418344896
103 47769911
84 112776817
93 4593902
114 20535357
110 969338212
108 952564535
90 396200514
107 777185385
86 736782764
88 959746309
134 467007081
105 706524583
97 269307326
112 493303510
107 726506308
110 31845355
97 982701921
109 742963402
95 716593027
100 967255114
101 463449696
108 774178285
98 150880526
104 278198997
108 131310434
112 275815893
114 645803196
94 895263989
97 806896297
89 20612928
97 109357554
91 130990827
98 94820155
89 862616670
116 503308688
98 37865449
100 595873142
91 46199066
98 258868927
87 508444337
95 469634087
95 40570185
95 428968410
94 374569194
117 579603443
119 265293215
93 505342921
97 755525469
101 831981715
95 747121348
109 40176420
86 401978479
95 258794865
106 463761407
96 547204890
92 41047641
98 651605600
114 560858312
85 180608903
108 42850190
101 865001031
114 39186488
89 797933284
111 407716427
119 722883770
100 58333631
103 434028360
103 358714093
97 255356648
104 911128134
97 1088677
99 738764162
106 586713202
109 184638374
98 689398646
102 859061403
86 759074111
97 60481893
90 616751934
93 434301863
128 992336463
107 471391229
104 1936933
93 357804054
109 512100188
126 421412122
102 879228536
127 451884987
92 951794841
88 984199604
78 681212021
101 726619118
80 635622977
101 914121162
119 537726946
92 607971921
111 326099871
92 52075119
98 456063795
96 577318265
80 504592891
96 58455618
102 564373200
121 984059393
115 133578474
113 935645016
133 466468850
111 772508785
98 492303517
100 799511726
105 809301521
106 975135422
92 41193960
100 181333727
95 887943437
98 654488090
106 237873712
89 508029257
111 291048473
118 476841125
103 699792676
97 521140972
92 991298157
118 235137482
88 743904610
78 474744167
115 193439813
87 873388221
79 243663769
98 203143858
104 260821213
102 841664041
120 280758315
95 538234549
94 287008421
89 847284805
110 29247878
94 933009721
107 573459968
98 228592634
119 17111370
111 145501991
92 271808848
121 617890826
112 278372480
106 961512080
83 201879936
86 382899366
96 339014798
94 524496824
113 545080343
99 142689503
90 247936417
99 514653355
97 431853315
100 160724837
95 431430366
71 667897833
114 314805390
96 648422936
94 843251571
100 46654673
87 351260603
100 341419017
97 461271188
93 519694424
89 910222896
101 433990227
90 233474628
104 897892203
113 325931837
122 105401668
93 831566251
108 388254450
96 762744780
109 470487611
95 834477712
103 519832497
87 608386716
114 688268995
129 924180723
98 744806836
100 333201999
108 372148805
92 591754893
105 711004846
119 498007300
97 802447895
104 738188853
98 130764659
103 870428634
103 298976284
107 600846620
97 690012390
92 371097835
90 398654960
102 145231169
94 246703298
106 578721218
103 678313606
115 972518616
109 422564912
91 804967481
106 560513431
113 779701607
106 635443944
96 424614679
91 927967704
97 249281847
87 541986788
102 435780183
100 791384763
95 199001552
93 753593662
101 168190987
117 179565164
101 926020170
104 559951798
112 533528327
98 229150323
85 429452751
103 297903744
100 445648921
107 16721958
94 512032354
104 261246039
102 427597607
111 586315245
114 528461178
120 379737922
96 197855526
83 737795325
88 68547501
119 64217856
109 788669727
92 814857058
89 862234219
95 436491960
102 739867675
100 52254539
101 299612590
116 422544227
127 290135111
101 529202892
105 330220858
93 104884962
85 503328222
99 952322686
104 131972249
102 522849826
91 471015131
111 804406820
97 855830122
98 555707161
118 276861896
80 882299830
107 717981350
104 983646601
114 609089956
115 703285783
111 977735624
85 681237575
99 425396225
98 469502036
105 387459735
102 289584879
85 779584349
103 810187762
108 63707528
103 717908300
94 90627261
76 265172670
112 789356512
102 902307610
105 297626220
85 97290803
104 412832150
110 719256209
100 680201243
113 463583193
101 519685926
92 346748766
95 578252664
104 33380922
101 584816839
96 642642261
105 899308020
99 317741084
94 245799051
86 211829991
98 711185761
112 197626864
93 758463130
84 522700776
93 674091142
100 442501419
93 535370955
86 299107969
103 623724145
98 583562702
112 764186748
99 136575274
82 525094795
106 217012334
115 226163254
92 501803138
108 897993195
94 415221637
85 488799325
102 684393949
86 67806997
125 487389513
93 720806086
101 261543707
93 438516991
118 518552210
107 633435398
113 722413280
101 92530621
87 844527
91 971825971
92 666161237
83 197089723
98 999469728
90 260303817
103 888220105
101 413561451
103 868564406
105 957415598
105 741834951
100 9810415
76 138677010
105 377819302
97 338609298
83 59282993
94 138441159
113 296941257
106 66465352
94 556435162
100 568145228
98 35652027
94 650368195
99 191858054
93 987017672
128 842670911
98 746370914
111 358202905
100 502918118
100 93528107
89 261669093
108 51437216
115 438654360
100 648848765
106 199914024
78 567890619
97 810768194
101 792350727
101 221568337
87 600300867
93 68150113
86 888450735
93 323268676
83 901514899
99 879765167
92 357834188
95 16803230
108 913392076
98 1733008
84 297262161
103 7278538
110 849190025
120 959332507
109 601343497
88 526452677
104 452661937
106 291974506
102 114769929
91 523809509
98 37381540
91 132141461
106 682788688
90 967428875
110 329620297
81 120596128
105 936958625
90 196380295
91 138045010
103 306961017
94 316072469
96 915009747
98 277358204
106 596746056
89 860269419
102 647046157
95 691698213
88 425157518
101 62229507
103 693725821
128 440888323
77 29926400
97 25684557
86 973432890
86 469839303
119 82418014
96 684107583
99 366405789
100 141353629
112 51650802
86 840125515
106 998539264
115 70109786
98 742830360
96 190586477
97 24343311
93 813068507
111 816399985
104 958713255
90 334502717
89 30681918
100 286430363
107 193609452
100 37355465
84 336859764
95 171433673
106 446654968
92 472238208
108 997096186
81 763272351
106 727563417
99 191610578
91 804641412
99 636230647
101 634813878
107 953901623
108 393844625
105 606092137
99 406587371
107 508439059
88 872202231
101 595307647
117 735021517
102 225223204
90 44611350
106 911978193
94 888409983
99 285708399
96 82509746
100 925164167
106 414043140
89 898497410
105 891053033
111 294112501
105 611173095
93 752453230
104 84559002
97 944735444
96 90686543
114 204009116
88 636322185
105 711083897
114 405913889
107 194208800
108 556961032
93 984048395
100 460082458
92 663944771
112 894791830
80 474569508
107 461394269
108 900583331
94 926905386
116 90805314
114 751477780
98 679402311
107 363561281
97 879364371
105 986426476
92 829789057
84 145983878
114 494086010
109 395492812
94 741531404
118 659795055
101 104546374
94 380401727
94 383427573
103 748748232
90 350331311
95 400082910
91 624262729
90 496411658
104 872792582
101 116144953
78 488964197
106 861084139
87 293356880
88 376847231
135 797836612
107 31695295
81 163339069
106 853939947
96 470340317
116 307775256
95 979474676
109 262681511
100 451861121
106 135624462
107 299215541
122 545602975
101 121100499
85 687062023
97 772628570
94 898717290
111 853879225
99 59008906
87 363846442
113 734305814
93 730996798
97 237546988
100 180184388
95 32475482
113 711113606
106 755072882
94 511101552
111 836040035
103 24757984
100 433766410
101 865230567
77 265025578
108 91307269
89 86459059
102 514921952
95 600168028
104 660618192
120 197182524
106 629199210
98 18428506
108 521944783
111 435610075
91 27329239
85 877068878
102 284246970
112 381123403
97 68438155
99 161363473
105 50878215
105 304215010
95 631022688
94 107225442
87 805957459
107 742720916
111 578142621
94 140856777
95 393142030
101 190161196
105 755984742
104 830840580
97 154092014
75 912702765
114 176750990
95 748003782
98 86494925
105 865641774
92 353798499
94 753112314
111 16692683
114 366219367
96 292560644
94 967473197
85 246872960
115 893745480
91 794216580
107 632587713
104 578464724
95 401461211
88 744428765
105 358802457
112 765458567
122 500119543
84 346082445
122 151123101
107 264985240
111 248250929
111 152320470
105 880033258
94 912853966
88 974985412
99 321855194
109 239103303
102 521396425
97 178871971
96 36138165
90 503113985
101 403527742
74 173191543
113 469645838
85 349206059
114 444461709
88 332402789
104 504895302
98 996438873
80 782344614
118 972867609
94 49456756
92 703336364
112 50264253
111 565533172
102 267722845
91 453999599
112 684990571
99 33986599
104 808564757
102 651612272
109 90241554
98 711684805
117 689585983
104 275522627
96 624338935
107 982491755
95 602012026
94 825002876
113 406737645
90 532587054
87 791245515
108 212880242
82 270831369
110 84284217
91 398622708
86 880971433
86 231195159
113 393783783
110 57291246
99 726576171
87 856277259
96 900863170
98 407009600
92 977879268
90 231518658
94 315699561
110 883561817
122 317732588
108 479770766
85 361250655
109 559937791
110 608774348
97 928102994
118 586509454
97 137809157
76 687159899
107 399593248
95 130896471
104 175716235
100 138122853
93 112568979
85 890787998
95 677146501
97 101370405
103 55337646
97 561903930
100 852650424
104 549061903
103 842268062
107 849633915
105 765628382
91 693767757
110 885632297
101 756456364
95 142582592
106 202679837
90 89298545
106 682661596
97 995643894
119 80210626
106 609859775
94 595103950
102 430388491
83 912575405
105 348811814
111 639285130
97 431846224
97 339040958
107 956052082
80 659215277
105 698557835
106 111425449
109 554865094
88 374945644
102 51629606
112 492908316
96 893318481
99 853313159
90 971198900
102 471645407
96 131646117
128 880354027
127 960987484
101 109715149
93 359044596
110 273176402
109 690057981
117 712302572
131 519304381
98 818600738
102 754483247
106 626343638
108 526543816
98 46331004
95 668958387
102 141802021
94 931398364
109 358597305
108 56541768
111 258507084
104 318108375
105 410305181
96 260835855
88 436591816
103 596113502
94 971550886
102 245696859
87 96944852
104 518864473
98 726378549
87 732883201
100 261074816
104 268508777
102 766428400
121 776170012
118 451405846
104 673070126
89 896075066
102 251441947
107 655596632
99 964239217
95 249539838
113 624077539
105 686414443
101 997713972
105 757389197
113 235747110
84 233747110
103 161032435
114 955163027
105 782356930
91 636181755
114 18989095
108 809072425
103 205472174
106 520144451
111 684688022
96 160403365
102 773710573
108 234073957
115 360886786
109 902796743
97 839622913
88 818804579
115 291236867
119 458292755
93 552629139
104 390142069
100 812790962
100 252024393
100 771666374
113 260963113
92 526265707
103 542513338
82 20905566
102 895669319
86 179089929
121 28569671
115 738818350
104 887261093
87 788835689
119 124909987
90 961417334
114 883542906
102 220133983
83 354321199
106 364211004
117 498936885
114 699993302
92 689726405
104 324117830
110 98973956
107 504896258
90 755227535
94 145845797
95 885234973
97 219467463
93 773955232
99 474091428
116 206878159
124 721741727
100 311010492
102 816715510
88 840023021
95 921416301
101 727882235
104 366342826
98 517940765
110 850308693
90 620906335
112 310538472
92 304222771
115 981911493
96 300545986
83 252855717
114 650399553
96 508780589
102 492009310
99 977089956
116 368171393
86 358415626
101 13288583
84 681274630
97 67363988
103 88771408
112 278258715
94 75707792
97 666882669
106 998295420
127 865468526
87 931650874
110 784751377
99 429227705
84 376656889
115 14521088
92 336513080
112 898374453
105 476302937
107 164119652
87 572481154
95 719762042
116 300840852
95 754541346
106 399061707
95 281805416
104 799633437
97 43696224
81 87943167
86 46591622
96 287289677
82 628182194
90 355909055
88 508536555
109 383046157
107 757562124
106 967097147
102 780660027
109 106957223
88 430379138
114 207965135
90 196896007
106 623443418
84 921517174
89 581018830
103 391495230
99 533702800
126 970735241
92 816464220
128 443366165
105 788663891
94 32887838
90 487264606
114 643670376
102 910421122
113 329723628
88 582160580
106 160055815
103 92963840
107 496637793
111 343327420
83 502318924
95 966933952
101 440709600
118 107914887
103 533151690
117 781840802
106 224075965
92 809781670
98 966355865
103 395721752
103 500247634
102 179261895
101 53383257
101 413567886
103 842900910
114 357109834
104 239188859
87 900756627
109 543409069
116 170398934
94 757071054
107 227317802
115 210010414
121 440570331
95 86265959
102 166535598
113 812388792
99 628091541
92 862411525
105 105995998
101 262102223
94 939355732
104 10147052
112 388712920
102 186994987
102 992621569
101 84196217
85 553593851
88 691273545
109 587011592
84 666786020
96 653269778
125 273392212
96 677438520
101 386136298
92 634775486
98 747076704
101 968076809
91 102047800
92 763818798
90 530474764
98 454652657
100 496051141
87 968274976
98 222839275
104 217728704
91 647016284
76 940857575
98 258781079
100 567148691
87 426847554
92 685766961
103 261101748
102 428074741
103 42825849
93 212651397
101 908540321
99 696436338
97 679580407
101 636003259
98 870387017
117 668406336
85 905853934
92 486176101
95 924401237
90 928278246
107 167159109
111 590712400
95 858238106
105 516099034
89 738673476
101 442706029
111 286474056
109 332617264
98 446691040
73 522375388
104 393116181
111 700901131
108 57594237
90 883981999
104 185850607
105 166045388
94 984922919
107 443564235
98 782222911
106 673585028
85 738125134
102 744877117
106 928769764
95 229142398
87 802499841
103 558546101
86 419986426
103 132241914
100 802756173
103 355309060
110 619867633
111 770676068
102 518402450
92 870399963
115 426928318
90 465880846
86 337764513
108 718171240
108 297483893
96 852366717
88 318335629
110 755822994
92 867262797
85 347804266
101 749435688
112 589930666
82 807668737
99 338177444
95 290161593
106 279303453
110 171616353
95 193485289
99 947572377
102 497118853
101 5286248
108 332234063
107 343592802
108 828089989
103 107444986
88 138367695
104 136241761
92 108419243
82 271922358
95 386960260
98 396496182
91 619034351
87 811509755
77 331680715
86 26523099
107 47660248
73 970839184
89 33236395
90 664590683
82 779768073
86 901186853
114 601388982
96 414194368
116 878774174
116 920741993
92 238229062
88 961171039
106 645782908
105 250228878
100 499082500
123 26628485
102 314012871
89 98626520
129 516426398
109 954284999
93 271220214
103 733461695
118 870502295
90 280761678
94 268330022
107 649673963
85 241604132
99 946331653
90 526789663
121 366502188
104 699987169
116 93700347
106 340560607
115 441206512
111 520732443
112 773415512
119 927570760
94 278289161
107 329858080
91 669650839
83 716110835
94 735451153
113 249829814
111 180769699
111 796767818
121 85609053
113 856099933
102 812050585
112 713698250
105 295182908
83 624041846
101 342268290
108 979463433
94 654167116
111 777382518
98 170201654
104 72234875
99 657485128
92 352844426
96 859405164
110 988648021
104 997057780
111 679617895
104 807934116
97 183407893
108 651883832
111 171031245
97 919723426
95 561733951
82 342908476
87 440057529
115 460237579
101 444080948
97 632269665
104 534313105
109 756634516
113 341653347
101 611689655
102 781486891
104 572046004
103 127508018
102 243673652
100 676180381
89 46648876
107 986647906
88 313110351
97 566531249
97 831945282
108 38940782
127 477971416
106 932627070
105 289509435
105 903083791
107 319182149
99 35114418
112 628350386
109 271372094
95 820048815
95 431364764
96 822685873
90 982110684
101 679287302
95 323532382
91 410544029
116 330283792
99 425297419
114 419145176
96 155624284
101 62486983
124 604061944
96 762493281
107 482602044
94 710823714
92 165310720
89 354928630
110 357956015
115 668016333
88 445364372
105 414888156
114 459170187
90 85700481
96 227654866
97 399080663
101 761990111
94 154462853
96 556137741
106 471079132
105 563175938
89 33306906
92 948839435
98 716529441
112 921071394
98 630720986
106 611062740
112 669220432
92 987952493
121 583744272
106 268010957
110 665407831
98 366723548
106 25016076
95 380849164
110 961724366
92 546539107
102 590164068
118 727577024
102 445908751
110 75758983
87 659434456
106 122123636
85 507806342
98 985952030
108 756980712
92 814560189
105 131544032
114 247969456
99 622229175
97 30446133
108 942237924
118 495213262
103 247564882
95 866360111
90 336043288
98 916928081
95 44177765
99 633283404
106 566505329
107 687435250
103 974940193
97 646198663
109 629158557
94 626987921
83 552075721
102 345127723
98 207610104
97 769362812
103 102455806
102 823504868
95 708857265
111 453555526
107 62021246
83 205666003
89 96121782
112 167420767
97 896747684
112 68677510
101 919338385
101 409072308
117 171265542
114 656029818
99 670760620
103 835198939
105 345316571
106 989279729
93 569860934
114 966218571
88 809149143
91 871177122
109 415464304
101 625881590
99 544118882
102 500400039
106 818239327
98 82372459
109 462640482
104 172466512
93 26213113
102 864878636
111 569636752
93 445927319
109 897722882
106 54824699
104 799937677
109 707750964
126 196240734
107 456122503
116 256302007
97 420144454
85 860425627
93 998326032
96 19055706
88 196649001
114 876435346
111 655549758
109 937543852
98 324234548
112 273754945
92 843413196
100 450207803
90 179389016
109 692922181
109 98783604
82 174714822
75 933735336
104 817202205
107 866546121
112 119846676
104 744607573
96 778809306
112 502730359
96 72846231
98 268364712
108 582596975
98 608640655
101 119392217
104 801882829
111 624173538
117 19432799
101 36220279
111 73899834
104 235765025
90 631408154
104 387623015
111 260081643
108 381542886
111 554342094
105 72438565
98 269102352
90 526462032
117 282272865
102 913150568
114 664271928
111 252866058
107 556522444
103 84752296
98 733263673
99 261315185
80 45008067
101 819424180
96 456748203
81 92427666
98 861903937
101 734396843
102 401550245
106 66044750
98 8875941
105 724803144
97 923291150
112 145054042
117 576018378
96 273651376
103 746438727
90 656972757
90 948802751
89 119731853
102 70068551
85 670090658
106 713784320
104 313157261
113 651965851
86 305627112
106 135274394
102 345269720
100 934763117
98 758163831
97 187923072
100 634267033
93 836394689
95 754945779
109 567319672
131 367271913
97 556284758
103 32563450
110 281166959
99 248969981
106 169682312
87 900849737
90 109636165
104 112914469
101 978779129
116 951462182
94 631273941
95 978549945
115 942663827
115 614725791
100 328851361
105 634065387
108 410790191
97 403772776
110 267281691
98 971043938
95 685818909
100 237353829
109 370324448
127 329909760
97 663103257
90 759830604
120 95495040
89 277360346
113 917857690
113 611739608
105 823206537
107 333902917
94 690649131
100 22092604
98 473282066
98 457984293
99 978201399
90 117884370
124 551558101
123 768371446
113 916271169
109 756754754
104 957854910
95 816519086
89 355330869
93 634553609
109 620731095
109 870907680
95 869401117
97 194499746
107 982257135
90 228385604
93 837649552
96 413319363
109 195693918
107 95588126
100 81819107
99 258924579
89 357063556
84 497068712
77 589660466
105 133222063
100 486858138
119 327403494
94 527004493
97 137577832
116 107003665
108 395393265
110 50690179
102 812253858
99 555900862
89 430226901
121 248263660
107 459509972
110 394696511
112 334650392
107 238465518
110 546390330
106 371440450
88 868258439
82 459876413
103 348303762
92 201767590
103 78746131
110 452821420
107 973488197
84 576534552
102 329139825
93 747425337
110 892882248
95 238927380
88 989888646
96 878975665
110 167204686
91 880900776
99 52864064
84 115067965
96 473643639
102 522619813
94 476114894
98 807840943
87 780851319
108 473094926
86 581069736
109 8502397
88 647118436
116 233153582
97 716008996
98 679558389
93 50714919
100 416411742
103 823270190
101 510288742
95 129671714
82 552086068
105 713927610
98 315892664
114 849635914
104 537713164
120 465027013
114 282310746
94 46044968
92 929128924
98 754650523
105 532615860
111 75282131
92 305323415
108 301344255
104 316984149
105 205455491
84 890601039
98 983784788
110 80063606
123 367626768
100 379035408
92 833266171
104 27775337
88 481954816
110 43586614
111 307778222
88 187676854
116 753498993
111 766726160
101 550498280
94 187136081
82 682177672
113 726039167
103 435431462
96 835341894
113 582474167
92 775024069
89 56788723
107 186272243
95 844489500
108 527331523
100 685735568
132 696184115
103 656062547
94 657184340
101 185676726
88 986185438
105 868235815
105 175603891
99 681635483
105 752471526
104 668855214
109 945056503
87 5835602
95 475567936
97 872617770
98 457811214
107 607410359
96 992830020
104 290108610
108 431833208
97 514516715
87 945982828
106 225657068
88 961019760
112 535402522
108 898947061
94 667269425
106 540720717
90 718122801
119 307163671
107 472993254
99 630333758
101 728003316
95 314647937
96 608843532
99 579125126
96 182104453
109 534379485
106 850018540
101 33686917
101 782804797
96 685737944
104 265783033
105 543995644
93 731981057
107 366961594
112 331558779
94 391114115
101 736855228
112 991068085
74 534077342
95 457147146
110 253657237
96 999850642
87 434706675
89 484641582
94 384531112
116 105874134
84 839948229
101 99606793
100 569399621
112 47156744
84 488472731
105 256185216
104 271673156
94 463119364
113 564365756
90 71372584
109 920918328
74 371875019
81 159323779
77 574683592
109 875137679
78 557286026
111 497166301
95 405450469
96 449151652
90 694348123
104 158562007
128 216233840
84 975558073
93 729480901
117 91283189
102 911547331
105 72411712
94 708857300
89 213247399
91 416023122
89 940496657
100 58826558
91 173718093
103 165013728
108 111328377
113 598681471
90 143152969
95 680462056
92 890313342
84 993758491
88 639085688
100 69767037
100 730655960
91 212812334
97 381453038
109 62471113
98 901687941
106 458206593
100 785640827
91 33984768
107 743635363
93 307453212
112 917822095
98 170189667
103 54037014
94 723172414
106 20176974
100 895921390
85 720705002
95 873803350
102 785500847
93 68897742
98 497706390
99 329189148
98 529237125
102 765956160
78 979270534
90 313063629
107 776338687
103 125658411
102 754974584
107 768126800
108 387280126
108 557459489
94 822808924
88 947732722
102 934586245
106 337815710
99 901560508
92 634765011
97 822929408
107 186934482
117 170914155
92 593116330
87 746489973
112 611157727
82 310591696
98 438291796
112 869007518
95 912611727
99 862446787
102 205278700
93 465756037
108 517492301
102 7437446
90 695467174
104 672321697
86 852277764
102 961638509
109 302597339
95 730034831
122 326296683
97 198999745
103 556784792
109 890638772
120 993119782
95 461840969
