2000
112 403241000
98 365040256
109 209529413
104 561518786
92 860976296
92 781965166
111 112669006
103 505710352
87 226088433
109 48643599
75 739023295
104 140296990
96 421611608
100 630643922
82 14284616
87 354919981
86 612958346
90 588909949
100 524118776
96 424438533
89 197961045
110 486276806
80 265136725
100 100359850
92 456371065
101 359033133
106 752691295
94 40731149
98 40658866
93 552270441
109 579819902
119 657511384
122 31781757
96 538941996
96 173102625
101 116706211
108 394439284
120 249251676
103 794766818
95 312366709
95 238544363
94 804586029
95 585763976
96 289056055
101 298690025
114 849256428
114 782217481
98 770719495
84 774409142
92 141491470
89 338190548
96 30547957
88 893826052
121 554753551
102 202650728
107 575556296
110 52887554
89 540295866
96 510520351
99 821576011
112 536150488
86 70317240
110 538201087
102 368250550
105 34475596
93 666090171
116 230229200
102 7157242
118 198407283
108 171943437
106 921939324
97 197357404
107 53204435
90 232449336
98 98667009
98 274760053
119 106888635
94 906820663
97 922605520
102 160680328
76 235488420
123 907736644
106 66866705
90 358349435
79 758267735
95 34592627
99 665724369
104 453860554
110 147848953
88 465426097
98 557306839
98 456583686
108 514677866
87 129498600
108 357225991
83 117856930
104 45693669
90 154397606
111 311790695
110 446307841
108 129991767
99 798621085
101 614179695
106 597054006
95 871422857
102 644267990
94 11204067
98 281995332
101 488101560
97 583211671
106 668263364
84 227648295
88 565770313
98 25489078
111 410003970
91 559832826
101 598750865
89 711735839
103 659309729
111 935258680
101 125657825
83 682639377
92 429739587
93 733528417
92 903575821
89 851458396
108 637042244
110 23024693
104 536164539
96 354906213
111 635785023
110 718155850
96 898192112
95 486162004
105 509993626
93 163754504
96 955256745
109 309516907
78 218350102
99 696749907
95 678915385
116 164818831
98 404019386
101 779323660
111 888217824
81 757735730
116 209933672
90 876448444
103 647998450
92 759354521
109 136583362
90 909482468
102 992733568
105 821156989
95 481585338
84 983523346
87 233995369
88 369616344
101 640133951
97 830845909
105 476385396
95 895860182
98 663959859
87 882611145
116 260015766
81 587833058
98 241411166
103 333113966
115 680580184
116 527525328
83 150609907
89 142772435
108 234442359
95 911962365
104 850413146
97 637026676
110 545736438
88 323655982
111 435987049
83 149365687
114 382108105
116 876704276
97 254095499
106 469802648
104 658004486
115 551613344
96 287840847
113 444285138
95 792109706
91 10131542
118 646849013
107 619129872
83 713822980
102 62286702
110 684926025
103 686421214
89 547884006
97 952179412
106 867952459
106 326272173
95 285397895
122 642351775
108 902335751
96 590458184
114 275207413
117 814412891
121 331352205
104 281760312
90 206717555
115 555852134
109 151583095
97 956218088
100 795308120
89 252227288
109 372380129
110 472469361
102 261042468
103 433564151
87 464537302
117 668382914
100 257388998
101 886534122
95 870480326
96 75549649
83 638621916
103 320664905
114 622275874
103 167550007
94 181761289
96 65960240
97 485329135
77 285367989
99 688138462
104 79489611
102 642082346
113 147893991
104 21383498
104 852867106
103 937330919
85 195796066
118 128058597
99 353069620
95 724987878
92 546411109
99 820258306
84 347839679
100 978950977
94 461446439
111 303918437
92 843162288
104 553137800
103 563338069
92 76853788
88 220028832
101 73083525
101 771791238
112 392491297
78 502469065
110 822455965
101 682483141
89 906598503
94 207052699
104 285714581
101 282943452
108 707504735
104 227696955
108 147474165
103 405462698
103 233031813
99 160126080
100 569944266
116 486424094
95 705597412
105 421059284
94 456020331
109 69005670
96 793965072
108 351647946
103 641447075
102 432993767
110 628357401
113 210664300
109 979799329
78 80314746
101 62490330
93 553972382
99 194249481
89 693506125
99 672083707
108 58227658
101 719972526
97 650120668
82 102801624
102 208816389
91 782661556
91 981420897
94 923816779
89 808321960
117 863932746
101 514850730
97 647775707
100 178936481
98 419584140
98 842341670
101 418987420
90 659904895
96 189140152
108 277165049
97 164867413
100 857882705
90 476281743
114 714266197
107 546605343
107 857687557
85 2523013
107 870865396
95 623596036
103 105979235
112 103023027
96 35360121
93 119693066
100 320112428
99 907213537
101 822555695
105 683593075
100 158118090
86 975455976
106 936426644
97 338350293
104 961013078
104 245193661
85 541577121
120 847372989
106 2044390
104 305731874
90 602713880
98 487914131
98 309143435
108 15883403
99 826228374
90 154226125
81 488118998
86 207262448
81 370282406
93 914678001
83 371288742
88 439119268
104 876467130
99 166032825
92 48636829
94 451242034
86 393439317
98 276463710
93 116505533
94 595497514
102 287494916
104 644855184
120 131496131
97 811075840
106 224324784
98 659624282
91 451076789
88 494675782
96 908065535
105 248017035
103 914980849
108 105404975
109 810458597
89 402950878
98 709733882
117 527990575
103 34690631
94 887114605
100 517438881
101 439478557
115 74223507
120 616009304
97 129901171
102 639193875
97 598207839
95 474314665
88 440541937
105 433854073
102 430218218
109 451153620
92 421692724
107 673736297
96 970418560
110 420516386
99 818526244
130 366393907
90 346184703
97 426199267
97 696955167
118 622052493
103 15212971
113 942775859
93 83935070
103 469847234
91 765967821
91 14355600
106 689761243
90 13099932
94 848078077
105 134406310
116 708708952
111 122469102
94 788838872
98 568747443
108 233861921
91 688839745
102 23928841
112 661722931
102 197423734
96 875586257
108 428779509
91 723860290
99 95975444
92 781888737
85 999841249
89 392869819
108 680016666
105 369170455
93 212430370
103 677430013
97 369005713
97 969919195
100 331987287
80 262973037
101 882676058
105 569904969
86 57526146
89 444473552
94 493354479
90 688197388
99 275553696
89 676021170
107 245980187
97 74902792
107 341372783
96 655205532
111 365746193
92 268312896
94 673270962
95 72543771
91 616566183
109 568337993
94 534702999
104 222732108
107 629007547
108 217677553
97 124925656
109 869275322
132 348517983
96 325486430
102 640795153
95 554381174
106 141916387
93 271932471
109 631508179
86 244651304
100 109621077
87 81552804
76 776621980
109 49553673
103 247924274
97 490898319
106 534260984
107 820910849
104 838079997
103 676930379
110 235510467
104 664855513
114 951785035
94 527142522
110 386224140
124 245877612
97 425176528
109 86910799
110 452945847
83 690728319
90 415865705
106 335386729
102 799228758
91 522992190
106 873868446
87 534077157
107 171340851
97 643701858
81 709403620
97 81030634
109 429695876
125 860437588
103 486682069
105 159761427
102 808115370
109 803696665
110 798457260
79 975537577
98 980319895
99 734408577
108 504692016
106 478056197
109 373494141
91 198402007
106 175002237
99 803417072
113 349914474
89 140930470
108 264987493
108 945139468
101 132203811
112 610249623
114 520393566
90 11334651
82 201344246
88 87566337
88 218916721
98 782027006
106 696107021
99 128706793
97 572354529
110 224986109
95 295017457
102 670985612
90 301471883
93 830155616
102 161463098
94 108981332
103 732903928
89 990051377
100 235136835
89 487291740
102 554648675
102 729861666
102 101123723
111 102484560
97 428278120
106 156266181
84 584739945
127 968790932
103 10423372
127 395304454
95 69622017
112 697110995
111 593718762
97 109736829
107 655326519
108 57726695
84 829060752
90 196282898
97 555340818
103 987224604
88 461598071
120 818028914
97 493194254
102 115101546
90 184447225
90 630707664
115 209373860
97 767357475
85 79046112
81 484644364
121 648631097
93 475133464
99 402453806
103 547142226
90 911605820
95 566871563
113 685730174
88 945077908
108 484700059
88 859018211
93 170952276
84 135776986
99 284918019
106 103696930
98 691023875
100 677003326
96 952567717
94 287696763
91 798749660
84 768186481
85 558088816
89 525555148
110 399277430
111 390861707
105 863923966
91 505111551
114 137605548
97 739221945
103 893520962
107 489175020
81 845605122
94 966092509
92 924982668
90 567329168
96 657713991
118 676724165
104 198147074
105 460683878
117 323927392
90 856153930
106 242418589
105 540051808
97 200869768
112 465937494
77 324431727
90 622303441
103 533882419
99 525729437
109 302446477
91 806659055
105 191973500
112 55711273
97 579093601
77 166083310
89 125331649
113 250583503
102 450910700
114 295746038
106 505963707
106 852413064
106 450435594
101 135234457
81 519657782
94 641648596
92 288211331
103 362045067
99 947194854
94 814749146
96 493138048
113 782452042
111 494000979
95 851521772
89 293327536
80 985211997
103 267626640
102 296452721
103 141289118
112 600761190
98 355358424
98 922693960
109 911705344
85 373323862
111 188961797
95 154889713
101 972414492
102 193081866
101 901003239
86 771513122
97 910738703
94 400272782
107 648481372
115 239185923
90 244648710
102 801916407
96 114609642
99 362341978
102 20873168
111 34142192
97 394343334
103 772919233
100 887919978
91 485910888
99 127707647
101 141818038
87 354732165
115 351955650
94 565780973
90 960522609
113 326241125
97 548158927
101 359496267
105 561928004
96 863616472
107 923546150
97 593099265
105 45618506
98 419453852
87 548683716
101 259802735
102 345091141
90 25678525
117 70985110
100 232128681
93 33553883
107 714513950
95 39729643
115 355164955
107 678298773
108 153138804
102 745735464
88 838868272
85 923420401
95 77640333
83 952317996
106 556311075
94 335783530
101 933140821
91 328003436
102 380905809
90 289185279
99 699887597
100 564095453
106 329591069
105 554473507
108 128450549
99 864267633
92 131449584
115 361363850
94 92623871
98 914346660
110 88177328
91 438402451
105 334052894
109 259848792
93 993065452
113 927110148
108 778046283
120 120365157
104 883701428
104 15165883
89 628880685
88 216025421
113 307201424
88 204484576
102 270155175
90 622683659
112 785082487
114 922967963
109 929603238
112 339435057
108 292987986
99 962959718
93 304043132
90 932001447
98 916257176
101 471227122
90 265158566
79 412694175
99 539843146
109 979777737
96 575534088
96 832292848
100 550322464
105 302777219
97 506693267
117 106246191
105 448044672
103 882511508
101 41934080
108 464820094
96 355115454
101 691175424
122 461194204
106 368653479
101 569017597
107 96374918
95 203058806
100 530799976
96 357783989
95 574904742
104 292987476
87 464156011
106 879685234
122 829873778
89 684333474
103 251535896
97 295410185
94 122031352
82 572631253
88 373913678
96 920676686
102 744595280
89 302446591
102 499788999
111 268254474
96 543618485
89 425846834
98 672343182
109 498197472
103 450110264
89 579334104
110 277784406
96 324879043
103 557429114
94 833355209
107 200683210
101 815599406
103 263906209
101 901813422
100 459335461
103 89573087
103 357807848
79 49184807
101 176976433
84 884356375
87 147279840
101 43071088
79 135198305
112 946145273
102 67026711
96 413915781
84 152111708
109 949788118
122 367245245
104 621475993
113 687877778
101 985141148
97 686733283
96 126597820
101 718465523
97 677518626
100 435212266
105 631783508
102 937480788
109 881611170
88 164506596
100 646326454
85 656366411
110 193511647
97 651811928
103 990082663
100 73583752
109 896468250
100 94482447
113 563655786
99 212079130
93 130443053
89 61688434
96 828853445
118 456432695
109 104778441
115 690439391
100 469662016
117 956176341
86 291385547
88 448323872
111 805557339
92 267672361
90 128378014
89 663882014
88 628677512
89 930255515
109 74792823
93 509658567
98 476766767
101 406653983
93 778394004
86 919876441
113 809877004
106 358529088
112 319194497
90 677358432
88 632679808
107 767999136
118 342067963
105 282725225
124 151000445
110 345886643
111 658031554
92 298995904
105 829427066
98 551869138
96 449993520
100 930352587
87 46745473
108 314941594
100 803964550
97 196665508
92 479799459
87 489523179
88 821846957
99 121629361
102 161972481
95 825132206
108 353508999
94 864926671
112 100692763
109 252370703
110 960597845
88 77997992
99 98144770
96 168117669
105 82703662
90 398629167
93 981859364
102 261850575
103 40501147
99 707693172
114 73168555
97 153154678
114 386607581
98 717962811
105 24778182
91 146747854
100 855310062
76 642910600
106 813708409
88 809444715
95 257952174
87 299950082
96 913793217
98 316350037
80 260196376
103 595578379
89 73198241
95 123786589
105 145648754
94 885840798
96 768565766
77 611966169
109 470910960
113 488832664
95 325837988
96 816079781
99 161425827
120 990233278
111 209531002
95 858732583
97 368532227
113 832075945
91 550128472
97 484279714
96 397185741
92 819013541
97 41672116
93 485368505
116 737118590
122 552831754
99 401933838
101 645895387
101 835056504
95 540701823
97 572942773
94 809868315
99 73229326
92 162300028
101 197481243
99 716260911
95 562530890
113 514623633
92 726003466
84 591880749
97 144274726
87 462982974
80 740835457
101 392984917
90 648759533
109 453048952
100 973218341
110 785025484
88 38164771
89 389720585
109 928713345
99 362455487
97 645936927
101 566936036
108 867890585
95 937880758
88 302473862
98 984162875
85 839063501
98 935759759
93 602104826
113 857761769
97 161041294
91 393668596
110 400146824
106 155806204
92 438355002
102 299063080
104 59178328
112 215481113
99 575693001
113 137624768
107 582546336
103 485323269
101 829228558
100 285183723
99 322741276
117 50078056
78 835348784
105 943540121
99 872496849
106 40339102
101 919131183
85 376402891
105 172919033
100 802445931
105 885944307
99 459599291
101 998122446
88 548864632
95 29418579
89 95715686
99 192741039
111 59877970
100 815572453
87 466362333
103 201938629
117 705778858
110 299592451
107 34620794
90 819701957
96 821143693
101 684187968
91 237508184
100 418219497
95 816598098
97 540210986
105 333065342
116 771177395
109 952746501
95 853300478
100 454599669
121 629433743
92 553802074
104 271018382
87 22705338
91 246859853
95 313981651
98 837704461
97 3164268
82 950221885
104 125024809
99 719232938
83 187786737
111 906029201
110 725910026
109 447665626
92 882291443
100 992062493
111 806022791
114 816811318
100 146254108
110 952343747
92 343310542
95 121318397
91 247886671
99 78652218
94 585027222
88 280001114
118 255819161
95 310441980
96 712823343
83 285034058
93 149244424
100 19152790
100 596222308
103 164963584
92 157662444
79 375294126
109 303727393
108 599794504
115 500797287
104 613558859
98 350963886
101 619486818
90 246546896
101 802981239
89 233263183
107 931021888
105 664825942
90 357904393
98 680518064
105 93724559
105 39944858
101 164059467
99 476909295
119 503800559
128 741421940
84 46988888
99 726185531
109 480031944
116 691348112
101 699393962
103 96649785
110 197227793
92 569914531
112 327255234
94 454944605
99 343169359
103 309254645
101 827143755
99 390014537
98 715347186
96 20519127
97 580359185
93 639329642
113 995765631
106 569400635
125 527393627
76 692335805
88 380755822
102 417249986
88 91206843
86 276489278
94 720949976
122 691808533
99 204559837
108 212296622
84 6315510
100 913985097
105 653449961
89 171858091
94 235652278
88 498197765
92 778010939
98 975373277
109 386425377
111 768734210
100 727576391
83 261000255
101 305748133
85 495997201
85 281153168
90 655300946
78 489384805
89 960514433
103 19721513
113 133598607
105 144579137
102 440746580
107 793609057
94 578220659
96 640109713
102 903480347
85 643993047
97 915899823
100 697880225
91 98161620
106 229411350
103 381170681
97 979171686
105 789448301
102 432738259
121 722750880
105 954122205
96 729528375
98 847952564
95 86922878
124 181690565
85 551071955
93 234667797
106 675742450
94 133007744
103 186797918
97 918695578
96 611573041
110 94582989
86 840886557
102 870407011
83 478788402
90 640068865
92 952338664
88 620123725
110 706712201
88 239911332
114 243014231
105 57443351
113 590279297
103 750729754
107 405359048
104 883985931
108 770679377
102 734183385
88 290890381
102 353068330
107 232486568
96 490401810
110 904754257
93 874453532
109 22890594
93 45766815
102 282846962
109 353073531
90 189037467
104 694100295
126 874753985
110 181882771
96 884776268
108 297300118
101 778045710
104 809549525
102 679669337
102 526371950
97 949441581
95 480829713
87 827738473
108 181036712
101 265697680
90 175756254
115 624829504
103 857088631
96 142893860
89 130242420
97 666303001
106 861978473
83 298807266
98 657876252
104 208388207
94 932733547
114 462991513
91 47548014
105 629581770
107 420217061
99 229674421
87 986599916
88 329662814
94 78051553
93 848919279
119 224856326
115 186668822
90 116448258
100 981200315
123 978728397
111 832983797
101 486774980
106 382358250
99 711371772
92 701906443
93 299385041
113 846152997
108 684782280
103 653602849
78 318964050
99 11750293
105 397377579
103 666712003
85 57747829
109 242100315
96 866757790
111 182460791
106 848642799
100 813629323
103 167531982
95 836547639
96 948413639
103 803265165
113 538511235
116 298794285
125 866393369
101 7345396
110 460651732
88 301094691
100 170413414
73 45539896
90 250893462
108 425711114
120 836848936
120 820267153
73 727529593
108 71513340
88 484144387
79 387441790
117 320024178
105 809014767
101 16323040
100 32291350
95 98203526
114 428561980
104 550847650
106 339934102
114 510040825
114 742792137
91 292861001
101 685733323
102 857088342
122 734034438
89 179903991
103 16404482
93 348013701
101 119003583
112 244840149
97 626526118
94 213615284
104 778033188
96 854551171
113 859683146
108 167108201
107 435822242
102 271193577
99 705515689
81 353731842
105 518449818
88 288783048
77 710698758
101 85057514
94 704899718
109 980084263
81 298552427
96 664271897
90 92457335
112 466605525
104 689197617
100 538299244
91 134458072
96 693163231
101 449227005
111 752553881
113 439605066
93 75467510
88 414192258
88 51455888
94 37011401
111 393290061
100 668530373
109 940939473
95 203663663
90 251437877
97 961872783
86 644892542
92 631242018
96 543248829
101 700370691
99 84697591
99 36970551
91 829720
96 354486048
87 513070698
97 803236366
109 698448316
109 525648518
98 713874095
91 840754923
123 80394019
104 531645938
106 432263531
100 642584235
96 107591156
102 650903424
107 917245231
112 691063279
111 206944642
117 611672795
101 960036995
89 599652387
110 569340907
98 747709063
91 29161282
100 434572372
107 457882474
89 867932455
102 626639329
97 190162280
95 567997467
88 869190076
103 259876361
98 339063269
95 316337261
105 679207187
95 731273212
90 391686545
114 876107912
99 873080484
96 967213566
107 767783723
99 401910763
98 969480860
104 963963053
106 644237602
114 211675064
111 557324725
98 287683455
93 235248288
112 479225853
88 992810399
90 738326323
110 504229589
87 384751085
107 874731886
110 169791030
94 781522322
101 660946925
108 626633125
116 863884627
110 765001482
108 635205844
111 938354256
94 901791905
102 262183751
99 561620183
114 664605262
104 524153103
117 74411314
121 230620226
105 975845627
112 937125342
75 161879255
113 761401904
100 423651929
112 255706691
89 143643974
99 476694686
105 494547851
98 163037489
91 699542936
95 48356643
94 205768442
114 506636395
114 493386664
100 460256147
108 746183207
99 591730252
81 657392650
84 665564922
101 158646433
74 232118053
126 245489094
89 501754088
110 390312699
106 594950768
97 28283604
124 516173015
92 850871352
95 823134526
108 405379778
96 503714739
102 602697626
104 528408256
100 422035567
110 550017826
99 628396524
100 937554442
95 678818437
84 530554811
105 343595767
93 830255098
99 219054557
101 218162420
108 326095640
101 279208373
110 414437457
92 325195773
95 981606466
122 125135669
88 360967392
92 116858138
99 1391892
83 302605471
108 515734488
97 668308188
111 613731802
104 363104335
92 365851082
98 452868843
92 571374869
99 58461150
103 419490440
95 941809689
116 541323478
109 620664145
100 969961471
125 550178899
95 768270763
101 473351786
103 549226950
90 49827508
105 604231295
99 887229462
96 678025905
94 173418162
109 287197616
97 295830500
123 214383615
81 38847397
97 101469131
114 796819057
94 982678439
108 625167465
96 2314286
98 414909737
95 593016937
101 428610171
112 819773087
99 193904111
105 727028023
123 4022380
88 980343690
114 636750184
109 562923053
97 346712495
106 840798875
106 1350006
89 139308566
97 146054852
93 587007126
94 43661078
90 350169403
118 679645449
100 245275223
115 838950800
107 626177628
109 150102220
108 892903344
109 317051232
100 496086644
115 387077245
126 668874543
99 522574491
104 392674082
90 621152133
85 930738314
106 267430087
97 834293618
98 858276579
97 220781376
98 350511347
101 26789992
98 316347141
109 173286142
95 535967303
111 574586994
105 837342675
102 140571694
97 828000549
96 347455928
90 537503679
100 389356166
105 21060594
105 779252175
98 62745542
97 475087083
92 778257629
88 724190551
78 159236120
96 308764479
107 518137241
106 940169984
97 86384536
86 607103262
92 246445782
105 920622808
93 407387392
102 959651416
136 586276778
114 121964183
91 706401986
101 252132429
94 299804360
98 833311690
100 657733478
101 275069483
98 883838801
96 278314825
91 88563869
110 972430160
95 755432287
94 272215115
106 564638865
104 316658340
100 293693362
102 841188246
99 64683614
85 948029901
86 326911687
104 979744132
118 180652662
122 892621357
107 735506893
118 918399472
102 932989434
102 482880168
95 27214346
97 672299532
124 62654241
90 493912401
108 962785666
100 34060704
106 181241487
88 375014394
102 77269822
102 153012138
93 958474643
108 331658374
92 870137249
103 745263242
126 851928205
97 398847935
101 699437711
91 981843510
101 972081810
92 638436009
98 569433638
100 763219762
89 620735608
100 793302362
123 324087854
93 735971277
108 89048415
97 700193908
108 594921114
104 797400416
106 149675940
101 533354777
104 614624717
91 208721775
92 888130448
127 343972196
93 373906728
105 905177500
88 821662965
98 471484067
93 61322329
105 892655185
91 757350753
78 446345970
104 22993808
101 55476404
97 14511139
109 388275276
101 111509541
106 342164661
93 527758703
114 994172086
105 542954237
108 462887954
95 830111737
96 659284376
95 246599332
98 239421423
99 529849830
93 338477473
103 70282806
95 482508322
104 840730199
112 209326084
94 857894053
86 64873255
100 68748962
106 673528165
104 167534314
105 171687297
103 288449191
98 819955063
94 671818097
83 257095027
110 134501373
99 53432253
92 574235591
89 760925540
103 149626351
86 430400218
112 724292125
92 682437242
111 626728528
97 971404739
89 967305139
92 643512383
115 201005615
102 424458910
116 312079860
97 279730831
83 333056583
101 261556698
96 551342366
88 13410115
90 154085205
88 514821104
108 229388618
98 282568035
99 684415690
107 907693227
115 397519669
107 631806847
103 386106702
99 96924035
97 676795631
109 843885606
72 722491343
109 191878381
98 622480544
98 146510754
106 689062246
103 607092839
100 546364015
81 957823825
113 572986555
109 784602262
104 595533613
102 916001479
97 946429655
98 919668048
100 547420271
98 253074206
107 207734637
101 287402962
106 552050436
92 716681294
114 322318228
103 681730887
77 594655850
101 139535083
110 585824804
85 294384057
115 937895212
99 33228051
106 529900281
93 341564728
117 806085318
108 561799673
97 779127840
105 211010779
88 39676231
111 435721787
73 860565262
116 717048877
107 510851953
102 910411537
112 341592135
105 90849651
101 686367987
89 412167493
94 120361036
90 100926905
104 548723337
102 735676479
86 142783494
102 481150413
86 278954710
106 616058633
100 558911490
86 325610731
77 587277758
80 547837859
103 837760081
97 686751659
106 782359414
91 183264690
81 566984916
108 252436034
98 283353571
83 200780788
94 659779862
111 680125878
85 984524073
95 202173617
91 131108451
127 769653083
110 837955559
104 730086047
102 198437410
84 821052729
106 810261433
106 823905170
110 78103357
102 833772565
111 906957546
94 51166730
100 689141862
108 998519866
100 676528820
83 95721732
126 766168184
102 292951290
95 143658734
98 565074495
102 922285129
105 606206399
77 184377399
103 994261836
87 571216355
110 874858226
108 382168546
113 877729671
99 788179787
86 647307362
98 525505564
82 12835736
96 957594539
117 933933012
115 376052280
111 404478383
109 214389600
120 303970052
112 719989551
93 804507210
108 333465607
91 988887006
122 817097889
102 833850574
97 711471328
93 818733985
88 705348150
95 970406587
117 646578606
104 282035180
93 368215786
78 155193034
101 192772969
109 154822395
86 176438294
104 683990400
101 2031596
96 468889633
88 720689996
112 977106542
105 18126621
112 812059781
113 63645754
100 39643565
93 384012082
89 158120334
109 810269353
122 369433106
99 28722002
95 41499894
102 298244146
116 922494334
96 89797147
97 434488103
109 240210949
108 154275472
91 69150835
110 218954329
94 104202229
110 245946397
93 860915470
104 69812845
94 202128113
84 700719118
106 360236676
95 468742604
98 675424370
109 327979324
98 613368353
101 901782692
119 969648132
95 84510326
112 752704906
83 543774958
114 750142972
89 506568717
96 153419920
97 233152137
86 851510951
100 174755870
100 527293862
93 557423158
93 1328952
91 195374599
97 718812249
89 56976248
78 257801187
97 936843308
94 9053925
99 744344916
132 259083863
92 581776053
89 553270430
107 546723894
94 286874054
95 264333770
126 376406921
92 936865001
101 545071508
80 667641620
111 706100769
102 405910054
116 955083392
102 362919964
82 693697878
107 294915797
98 964542189
113 882136605
93 732570374
103 484337028
84 346579616
81 844994713
98 223992228
107 781424916
98 146472746
85 246603672
85 482292247
103 73159595
113 709640649
102 476520810
87 137542341
107 375585158
76 369994250
88 914445995
90 48713476
95 718510738
104 690635836
96 404724984
116 298034435
101 681373592
83 20788717
92 187155791
108 344441494
108 142193190
109 531279076
118 310242871
92 575075688
91 834177292
100 308592766
113 444873531
111 200764623
100 171071534
102 464033232
99 985833925
101 322379554
110 874496837
92 198199882
101 563415278
109 268430299
113 336103579
108 630055941
93 40280494
104 753034478
98 603834839
115 500242882
95 766952618
97 990573734
103 987884928
92 321538270
110 711336590
94 986456465
109 875664154
115 261598069
104 736703285
101 421401651
94 683834917
111 106175248
83 109137153
105 702799285
114 424741438
110 801127166
104 996105660
106 574538813
116 688969780
102 602845781
107 826061030
82 451824165
105 535837742
91 424944656
111 122101749
117 464269051
114 34636887
105 152807838
104 405522415
105 69092735
102 295855443
103 463975603
84 802746187
98 861438656
90 334255449
95 898951962
88 743290524
111 925209383
82 198930684
120 512183898
85 794639474
116 990854749
100 200859718
92 115551794
96 308516635
118 134135155
101 271526393
108 495116385
85 940218584
102 909779192
105 633649698
110 217915880
86 819491506
101 536332458
101 491646968
101 560391790
101 896009390
89 824324360
92 912767485
108 210932342
99 60104508
81 813399805
106 869031701
100 294553816
93 757550329
113 560326391
100 962918690
85 259636263
99 612579082
102 212448911
93 269689413
83 88130293
110 853007218
107 132147314
103 615894593
92 150427248
121 993490881
99 213108278
95 768730570
90 358495063
108 408395449
102 563143802
85 206692511
85 234727653
107 209987127
80 156636602
