345
204 435674147
182 799272796
212 273972567
56 40924496
161 908033237
108 685466666
172 208426965
344 445310438
186 117258426
185 824137377
248 657139081
147 807922427
162 771662651
181 413762532
202 169405408
68 235594739
175 536403308
217 674921286
217 334963880
177 372843231
184 165344347
307 477128618
163 252764011
124 596592785
175 229549637
224 684735010
125 668894395
69 892758851
174 560175159
324 390618031
252 912030802
247 863457312
174 999221300
178 468734038
271 765617284
152 204465535
319 482771681
49 370993438
85 889581070
148 794481812
208 796366717
95 279700405
292 138243194
338 605488429
174 311378602
231 191301578
180 218447684
100 986626418
173 883433358
68 235594739
80 602745071
123 827750623
203 756125106
161 908033237
276 186629058
203 831443773
75 368237044
183 115531551
188 456449668
315 926903550
181 775076556
107 843261765
162 26139011
144 18934442
75 368237044
341 560627619
246 337668992
319 828737387
329 876360918
98 257926739
183 997532491
182 688375572
210 420783678
166 319011244
165 902715868
164 792501002
165 803515566
166 973095214
159 986064144
248 940623747
122 711191822
312 126020445
261 208303941
247 757598796
93 317761764
95 279700405
318 376226428
94 224332376
189 906642655
125 194636981
192 227384742
164 283987512
164 726274489
158 558247308
145 563673785
101 408240734
160 875007326
152 204465535
192 167901206
130 845380917
161 148236573
82 339707716
161 908033237
318 526144485
162 567512693
324 182448959
163 598217434
162 87801679
200 743810926
81 255283160
160 903598118
217 933230494
202 509683085
203 514495329
99 374997227
149 814501641
329 617762241
135 785805407
77 748431954
137 949530781
125 194636981
206 634126106
68 235594739
203 839525240
215 512341545
201 184161889
130 723779071
35 636505375
291 646395698
154 415250372
156 617935956
207 869264787
318 710431975
55 467660010
207 492800095
11 311772525
265 207430921
121 885391498
211 434535539
302 24447181
147 188860690
211 824746606
93 761235396
143 451827943
215 280780303
222 507743545
146 651461974
248 416357061
221 289768900
143 875108774
34 718167838
344 764303384
217 569347417
225 532525646
318 145968372
37 103026630
139 103216910
139 9039684
138 332415698
138 871888076
222 488801531
224 462093148
329 48704260
22 212134127
22 212134127
223 553193482
223 90897956
223 414892876
133 85785805
291 97991961
223 578479564
250 905976760
130 45710850
226 16385478
227 339924214
227 21651659
250 287380844
126 819525544
125 194636981
124 919563574
126 362461142
37 103026630
101 691475161
74 789921814
307 787829243
124 936103081
284 765012303
124 936103081
234 256564210
121 259696206
344 600828226
123 22945434
95 279700405
240 602145742
241 937868797
122 34597914
122 197740444
276 575075217
122 981700343
121 885391498
121 885391498
102 457721208
121 885391498
248 786192235
247 700912402
275 331806635
247 111204101
249 334568686
261 824313972
247 948763989
247 655656653
341 194470772
80 602745071
84 272411406
247 482934660
315 33169031
248 761105403
329 812510637
90 759677637
22 212134127
253 357195073
250 723175918
251 666946508
103 381150716
307 876360033
104 756736169
253 833906321
302 430593007
80 602745071
100 955925019
307 230566328
299 500789278
42 680785251
256 721426228
256 905090519
94 737446228
98 257926739
329 977616146
98 257926739
92 759679941
261 919264801
95 279700405
93 317761764
307 900932845
329 614903627
81 110635007
95 232812063
292 365338474
94 144274143
268 24510037
92 759679941
274 154134529
273 999165619
275 859396553
292 578273879
89 175540380
276 392189572
276 952426872
56 40924496
84 272411406
82 536396008
279 516763957
279 424999145
344 475725383
82 339707716
282 61945820
83 839342829
318 402210512
81 110635007
80 602745071
80 602745071
80 602745071
338 529194885
75 368237044
75 368237044
75 368237044
75 368237044
299 862171651
73 981030801
301 431839733
72 215328578
341 684203958
302 782315649
340 588191867
301 868113052
69 649163236
307 777260858
306 26930912
307 577079531
307 475968911
307 768194578
307 813774233
306 34641617
57 286471591
56 40924496
56 40924496
312 756739936
317 5050692
54 881705409
55 367239993
315 599336666
315 328632792
314 566724683
49 370993438
51 490809967
318 877108365
318 837259075
317 558855170
318 972346365
37 103026630
37 103026630
37 103026630
324 11130859
34 718167838
35 57998834
34 718167838
329 703796370
329 969112916
329 826328724
328 981290997
328 383855545
23 930546244
23 930546244
331 990661060
23 60447226
22 212134127
22 212134127
22 212134127
338 414505146
338 789631563
18 496328410
18 496328410
340 358402647
340 36923557
15 638273663
341 200679179
11 311772525
11 311772525
344 970053931
344 117691318
344 151153069
344 385385326
344 25011111
344 502391627
344 844055218
