2 1 2000
1 0
5
1
6
6
5
2 0 1
1
3 2
4 0 1
6
5
6
1
6
4 4 3
2 0 1
5
4 3 1
1
1
4 3 2
4 4 3
2 3 4
2 3 1
2 5 2
1
4 3 0
2 1 5
4 1 4
4 3 4
6
1
3 8
1
5
6
2 4 7
4 2 9
2 6 4
6
1
4 3 6
2 8 1
2 9 8
6
1
1
6
2 0 8
1
2 2 8
5
4 6 1
5
2 10 4
1
1
5
5
1
5
5
1
5
2 13 11
1
2 15 2
4 2 7
5
2 3 6
2 13 2
4 11 0
4 7 1
4 10 11
2 5 1
5
4 9 11
4 0 6
1
4 1 12
3 18
4 7 11
6
3 6
6
5
4 0 5
2 7 14
2 9 3
4 1 12
4 5 6
4 6 2
3 18
2 15 1
5
5
4 9 3
3 15
2 11 19
4 11 10
4 10 4
3 19
1
6
4 5 9
6
2 7 18
5
6
3 12
4 4 13
2 10 12
2 7 1
1
3 13
1
5
2 16 21
5
5
3 15
2 12 2
3 4
3 15
5
2 13 3
1
4 20 16
5
4 3 2
4 5 8
2 21 20
2 11 4
5
3 15
6
3 13
5
2 16 17
4 14 4
1
1
4 1 23
4 20 23
5
4 11 9
3 17
2 20 2
2 14 5
5
4 5 15
5
1
4 21 1
5
6
5
1
1
1
5
2 3 5
4 3 17
1
5
5
6
1
4 29 18
4 18 12
5
6
6
3 31
1
4 22 14
6
6
3 4
2 20 26
6
4 29 31
3 23
4 19 16
1
5
6
3 32
3 5
4 23 6
1
3 9
3 9
5
2 5 7
4 14 7
1
4 25 29
6
2 28 13
5
5
3 3
6
1
3 26
3 7
6
1
3 27
4 32 30
3 1
6
3 18
2 0 26
3 15
5
5
4 28 11
4 37 14
2 29 18
5
6
5
1
4 10 16
3 26
4 8 25
3 20
4 10 34
5
6
3 20
4 3 26
4 27 7
1
5
4 37 23
4 25 30
5
5
2 0 7
6
5
2 30 29
2 6 1
2 18 38
5
3 36
3 11
5
2 8 12
2 13 23
6
4 17 26
1
1
4 31 1
3 15
6
2 33 30
2 14 28
6
4 1 10
4 33 8
4 28 24
2 19 40
3 5
2 20 10
3 2
3 28
6
2 25 1
1
5
4 22 2
2 0 36
6
1
6
6
2 5 31
5
2 13 34
4 35 37
1
6
3 31
3 0
3 0
1
2 9 27
1
3 4
3 11
2 11 36
4 14 32
3 45
6
5
1
3 6
3 47
5
5
2 8 41
6
4 11 47
3 5
3 2
4 41 14
6
2 17 13
4 11 31
1
6
2 16 29
5
3 4
2 42 27
5
2 23 2
4 43 16
6
4 25 46
6
4 39 12
5
2 19 45
4 20 35
6
3 20
5
5
4 5 32
5
2 32 15
5
1
3 36
6
1
3 13
2 50 46
1
1
3 51
6
6
4 35 41
5
6
5
1
1
5
3 22
6
5
2 5 46
4 40 37
3 50
3 23
4 30 39
6
2 24 8
3 44
4 38 27
6
5
1
5
3 54
1
2 4 14
4 48 53
3 8
2 9 26
1
5
3 38
3 29
4 45 53
1
6
6
6
2 12 15
1
3 8
6
5
2 54 41
3 8
2 26 24
1
1
6
4 4 42
2 35 28
2 9 26
3 54
2 10 39
2 39 1
1
5
1
6
5
1
3 27
2 31 45
5
5
5
5
1
4 10 34
4 21 6
3 9
1
2 10 57
2 7 46
6
5
1
2 33 36
1
6
2 21 13
3 13
3 26
1
5
4 63 17
4 56 68
3 13
5
1
3 49
4 28 15
3 4
5
4 18 1
3 42
5
1
3 20
4 44 16
5
4 63 1
5
2 2 21
3 21
4 67 22
4 54 55
6
1
5
4 52 45
1
3 14
6
5
6
5
5
4 38 17
4 58 60
5
6
4 28 34
5
6
5
4 34 58
1
4 0 17
5
5
2 10 22
4 12 4
1
1
4 26 57
4 27 22
2 36 0
3 63
1
4 28 66
2 72 0
5
4 61 26
3 58
6
3 18
2 18 24
2 0 10
4 44 37
3 15
1
4 59 19
4 73 6
3 68
3 58
4 25 7
1
5
2 55 33
4 0 75
6
2 30 14
4 13 6
5
3 0
3 62
1
4 78 25
4 5 29
1
6
5
2 78 68
6
1
4 4 48
2 10 25
4 44 20
6
6
1
4 70 32
6
5
4 83 11
6
1
5
5
1
6
2 52 11
1
5
2 13 7
4 24 85
1
3 50
2 47 11
1
6
3 68
2 40 53
1
3 65
3 12
5
1
1
5
4 31 57
5
4 15 11
2 53 65
4 26 5
6
6
6
6
2 82 2
4 49 33
4 34 88
1
3 45
5
1
1
5
6
2 86 72
2 5 27
4 8 92
3 90
4 0 29
6
1
6
6
4 9 49
1
2 4 89
4 42 29
1
3 65
3 97
3 54
2 84 95
4 4 40
5
4 90 14
4 53 79
6
3 27
6
6
1
5
1
6
1
2 48 45
5
1
5
1
1
3 34
3 53
3 34
5
4 66 10
5
5
1
3 22
2 93 30
2 77 51
1
1
2 94 32
3 4
4 8 56
2 64 73
2 60 34
1
2 32 33
6
2 32 51
5
1
2 108 40
6
5
6
1
6
2 75 1
5
3 96
5
4 13 42
3 83
4 66 32
6
6
2 84 107
3 105
3 101
1
3 17
2 103 92
6
5
5
3 14
4 91 48
1
3 25
5
1
1
2 38 108
4 15 92
3 54
4 47 96
6
3 93
4 62 98
5
1
1
6
4 107 1
6
5
4 99 67
4 66 37
5
3 72
5
5
5
1
6
3 3
1
4 46 75
2 20 15
3 78
4 50 110
5
4 21 76
6
5
4 13 71
6
2 60 9
4 100 95
1
5
2 16 26
3 55
2 23 56
1
1
5
6
5
2 36 106
6
2 8 35
2 89 3
2 23 50
4 93 77
6
4 36 58
5
4 64 26
3 78
3 78
3 31
1
1
2 45 83
6
4 96 109
5
3 39
3 43
2 66 15
1
4 94 62
1
5
1
3 52
6
2 44 100
5
2 77 67
2 41 1
3 11
4 125 94
1
6
3 0
1
4 37 62
2 63 119
5
1
6
3 7
6
6
1
3 97
6
5
4 51 94
6
2 93 129
5
3 68
4 125 56
2 8 77
3 89
6
6
4 37 99
3 35
1
6
4 38 82
4 100 29
3 47
3 56
5
2 18 3
6
2 77 9
6
6
2 7 124
4 69 70
6
3 63
2 90 109
3 121
5
3 103
3 85
5
1
1
2 39 66
3 49
5
6
1
4 100 52
3 79
2 100 22
6
5
5
5
5
1
3 105
6
3 81
6
3 61
2 128 28
4 126 30
2 134 51
3 40
2 33 15
1
5
2 125 32
6
6
2 55 57
2 132 4
3 69
4 28 11
1
4 124 133
6
6
6
3 39
4 24 15
5
3 115
5
6
1
5
4 119 31
5
2 1 16
4 21 22
3 72
3 3
4 44 20
6
2 71 17
3 11
4 131 62
2 32 75
6
1
4 129 2
3 25
6
4 37 112
6
6
1
2 44 67
1
6
3 2
5
3 56
2 67 15
5
1
3 133
5
4 57 45
5
6
1
2 78 59
4 121 9
4 137 119
3 63
1
6
6
4 108 112
3 94
6
6
4 122 43
2 100 28
6
3 34
5
4 93 23
1
5
2 102 34
1
6
1
2 130 91
1
6
2 54 77
6
4 118 106
1
5
4 118 102
1
6
3 18
3 17
2 103 87
5
1
1
5
5
5
2 93 56
3 111
2 150 53
4 115 101
6
5
5
6
4 10 68
1
2 103 16
4 11 82
1
2 93 150
1
3 124
4 23 92
1
4 113 35
2 123 134
6
1
3 119
4 52 76
5
1
3 64
1
4 59 90
3 10
1
2 78 66
6
4 51 75
1
3 148
3 80
3 120
6
4 50 70
4 138 17
2 158 22
6
4 97 5
5
6
6
1
6
5
1
2 146 85
3 29
1
6
3 42
1
5
2 141 27
3 82
3 145
6
3 117
1
6
4 94 88
1
1
5
3 133
4 101 156
4 63 117
3 127
5
6
4 30 46
5
5
2 79 113
4 128 73
5
5
2 7 119
6
6
1
3 150
2 87 114
4 161 137
4 90 75
4 143 124
5
6
4 78 22
3 165
2 88 125
6
5
4 15 2
4 103 154
5
3 81
6
6
4 52 71
2 16 78
6
4 64 95
2 121 75
3 136
2 109 49
5
3 25
4 23 168
1
1
6
6
2 44 161
5
1
4 26 106
6
3 15
5
3 99
3 126
1
6
1
1
1
2 133 129
3 153
6
2 66 12
6
1
6
6
6
6
2 18 80
4 156 18
2 49 98
6
1
4 120 23
2 92 86
4 58 27
2 51 95
1
2 59 157
1
5
3 89
1
6
2 169 175
1
6
3 101
3 23
3 120
4 169 167
4 87 164
6
3 45
4 147 83
5
5
1
2 69 13
1
1
6
3 26
1
5
2 57 93
3 38
1
5
2 177 9
3 142
1
5
3 21
2 146 89
5
5
6
2 75 25
5
4 46 36
1
4 20 99
6
2 84 31
5
5
1
4 151 96
4 57 69
5
3 23
4 49 6
4 27 45
1
3 132
2 130 76
1
3 51
1
5
5
2 52 21
6
1
5
6
6
1
6
2 46 129
5
5
5
6
2 133 114
4 23 63
6
1
2 73 41
4 148 107
4 127 8
1
6
3 135
6
5
1
4 105 182
1
4 66 33
2 83 57
1
2 26 181
3 80
1
1
5
3 137
2 10 163
5
1
6
3 79
4 142 7
4 27 156
1
4 57 26
3 49
1
2 78 167
1
1
4 83 9
1
4 48 78
1
1
5
4 5 158
3 66
5
1
1
6
6
5
2 12 175
2 124 208
3 83
3 10
4 76 15
4 78 91
4 35 87
5
4 186 187
1
4 110 106
1
5
1
5
2 5 50
3 147
5
2 48 147
5
1
6
6
1
5
2 45 143
5
4 35 7
4 63 139
4 96 78
1
4 106 67
1
4 191 140
3 31
5
2 46 212
2 28 9
2 210 91
2 46 183
2 66 127
3 205
5
2 144 82
1
2 153 69
2 73 134
5
6
2 139 199
5
3 61
4 135 143
1
4 194 189
6
5
6
3 5
3 182
5
6
4 220 44
2 136 49
5
3 190
2 46 136
5
2 57 219
4 63 87
2 190 129
1
5
4 179 132
1
4 196 0
3 176
2 53 56
4 195 106
4 60 104
3 171
6
5
3 201
3 184
2 106 107
5
6
2 85 100
6
1
1
1
6
5
5
3 30
3 85
6
6
1
4 8 200
5
2 145 119
2 79 7
3 220
6
5
6
5
6
3 182
4 183 74
6
6
2 9 75
2 51 5
1
1
4 0 62
6
2 114 125
5
6
4 136 207
5
4 171 3
1
6
2 218 71
4 63 172
2 31 170
6
5
1
2 32 142
6
1
5
4 115 93
6
3 95
6
5
2 124 56
5
4 163 37
3 183
1
2 122 56
3 186
1
4 31 228
2 171 109
1
5
2 118 4
5
3 87
6
2 100 115
3 192
5
5
4 79 214
4 231 16
3 69
3 47
6
1
6
1
6
4 139 19
6
2 29 23
5
3 114
1
2 157 156
1
1
6
2 75 165
5
3 82
1
3 118
3 127
3 208
6
6
6
2 171 47
2 134 132
4 112 65
1
2 57 227
3 41
2 123 21
5
3 235
4 55 113
1
3 85
2 104 74
2 110 238
1
2 59 37
4 13 131
4 56 83
1
2 92 182
2 48 116
3 101
1
3 192
6
5
3 136
6
1
2 5 168
1
2 159 106
1
6
6
6
6
4 218 137
5
4 55 103
6
4 161 189
2 124 188
2 121 170
1
6
2 61 195
3 242
5
5
5
3 87
3 84
5
6
6
3 183
6
3 34
6
4 46 249
5
5
3 142
1
3 38
3 239
6
5
2 203 28
4 53 158
1
5
6
6
5
5
1
3 211
2 209 77
1
2 24 31
1
6
5
1
4 35 79
6
6
2 15 37
2 239 59
2 177 62
3 218
6
3 205
4 48 68
1
6
5
6
3 197
1
3 54
1
5
6
5
5
1
3 38
5
6
2 215 11
6
3 213
1
6
1
5
1
5
6
4 66 117
1
1
5
5
6
5
4 264 126
5
4 104 20
5
2 252 109
2 32 86
6
3 101
4 252 189
2 172 32
2 15 0
5
4 10 212
4 235 251
6
4 55 69
1
6
1
3 133
2 117 11
3 245
1
1
5
6
3 186
6
5
5
2 40 228
3 260
6
5
6
1
2 139 44
5
4 104 121
2 236 17
2 228 226
2 33 183
2 51 244
3 109
4 193 49
4 210 131
5
3 212
4 117 207
5
4 94 153
5
3 50
5
6
5
4 20 223
5
6
3 228
2 199 225
1
2 72 80
5
4 135 174
6
6
4 258 142
4 179 208
2 224 72
2 182 16
4 205 187
2 224 169
5
5
1
6
4 51 98
4 28 172
3 42
3 128
5
3 169
3 247
3 254
5
4 183 25
5
1
5
6
3 64
6
6
4 204 77
1
5
4 205 104
5
6
6
2 87 12
4 169 185
4 30 233
3 56
1
1
6
2 71 58
6
2 166 184
2 109 75
5
4 128 244
2 264 161
2 270 146
4 24 103
3 118
5
4 57 256
1
6
3 231
5
4 215 263
2 261 61
4 235 118
2 77 86
1
3 154
6
3 183
1
2 198 114
4 219 256
2 22 146
6
1
3 132
6
1
6
3 227
1
1
2 261 173
6
2 5 130
6
5
1
1
5
3 139
2 108 33
2 81 282
6
5
5
3 27
3 15
1
3 122
3 49
4 68 203
2 259 246
6
1
1
3 154
4 130 7
3 230
1
3 184
3 224
6
5
6
3 21
3 243
4 177 165
4 181 49
2 60 144
1
5
1
1
1
6
2 90 38
2 94 3
4 251 100
4 58 188
5
6
6
3 258
1
2 49 244
6
2 201 277
4 47 204
5
4 26 180
2 160 287
5
4 198 238
6
1
2 228 116
3 3
1
5
6
1
3 81
2 292 83
6
1
5
3 43
2 100 85
3 133
2 110 267
1
4 125 19
1
5
5
6
2 116 219
1
1
1
4 207 280
3 59
3 215
6
3 37
5
2 298 265
5
1
1
6
2 300 65
4 266 210
3 103
3 86
2 272 301
1
4 79 266
2 181 74
6
5
6
1
3 263
2 14 60
6
6
4 273 222
4 68 158
3 154
1
4 74 304
4 83 118
2 130 206
3 297
2 220 162
6
3 232
2 129 130
5
6
3 135
4 161 85
6
6
5
5
3 36
3 267
2 110 188
5
6
6
1
5
6
6
6
5
5
6
3 67
2 125 9
3 132
5
5
6
1
1
5
3 181
1
5
4 141 121
3 155
6
5
3 29
1
4 217 304
5
4 90 118
3 105
4 124 163
6
2 285 16
5
3 127
2 45 260
4 242 292
2 245 299
2 223 57
4 230 7
5
6
6
5
1
2 259 167
3 150
1
4 9 124
2 252 127
2 237 145
2 185 266
5
1
4 51 279
6
2 267 19
4 65 114
3 237
3 244
6
5
6
1
2 247 128
1
1
4 150 218
2 110 165
2 2 76
3 116
4 91 304
2 193 78
3 217
2 50 307
5
2 252 287
2 66 195
2 45 83
2 297 27
1
2 302 214
1
3 162
3 68
4 293 23
6
2 133 181
1
2 9 180
1
6
1
6
1
3 190
1
5
1
4 252 31
3 219
3 163
3 164
1
2 239 142
6
4 327 324
3 272
3 43
1
4 236 194
4 87 183
2 29 153
4 114 27
1
6
1
1
6
1
2 192 308
4 46 76
2 26 319
3 283
1
6
4 231 188
1
4 22 284
6
1
3 211
3 65
5
3 281
6
6
6
2 71 248
2 130 80
1
6
2 136 241
6
2 112 130
1
3 135
6
1
3 263
4 95 97
6
5
6
2 57 161
1
2 10 158
1
1
2 62 320
5
2 151 141
5
4 85 1
4 33 260
1
3 151
5
5
1
3 7
4 191 314
2 333 132
6
6
3 190
1
6
5
2 253 273
